x	y	id	broad_street_by_bird_pump_distance	closest_by_bird_pump_distance	closest_by_bird_pump_id	closest_street_id	closest_street_distance_from	closest_by_path_pump_id	closest_by_path_pump_distance	path_to_closest_pump	broad_street_by_path_pump_distance	path_to_broad_street_pump
8.280715	11.56829	1	4.293585207947916	1.321183006491231	3	133	0.10805775825724125	3	1.7592672055129286	160,162,134	6.2594971138145095	311,284,241,223,208,187,169,133
8.311067	7.202524	2	6.214701478183063	2.2113713561676795	4	144	0.06036954267571702	5	2.5183600539893733	212,204,174,170,148,144	7.568414924514338	311,312,321,309,305,289,277,260,255,224,229,198,212,204,174,170,148,144
8.325407	7.166975	3	6.23085001580617	2.173126226114231	4	144	0.09773982102102202	5	2.5183600539893733	212,204,174,170,148,144	7.568414924514338	311,312,321,309,305,289,277,260,255,224,229,198,212,204,174,170,148,144
8.342558	7.136541	4	6.24152526132864	2.1388845080540655	4	144	0.13251713354196637	5	2.5183600539893733	212,204,174,170,148,144	7.568414924514338	311,312,321,309,305,289,277,260,255,224,229,198,212,204,174,170,148,144
8.436085	7.393596	5	5.990021671987602	2.225160780908897	5	144	0.025060686688838225	5	2.5183600539893733	212,204,174,170,148,144	7.568414924514338	311,312,321,309,305,289,277,260,255,224,229,198,212,204,174,170,148,144
8.73591	12.05172	6	3.8491565747109004	0.7134880027983718	3	134	0.05458680029858225	3	1.7592672055129286	160,162,134	6.2594971138145095	311,284,241,223,208,187,169,133
8.757473	12.02333	7	3.825368184013084	0.7379996414210576	3	134	0.09023290264922651	3	1.7592672055129286	160,162,134	6.2594971138145095	311,284,241,223,208,187,169,133
8.771104	10.94251	8	3.88041672258681	1.8134323281849825	3	133	0.09395997571044298	3	1.7592672055129286	160,162,134	6.2594971138145095	311,284,241,223,208,187,169,133
8.812553	15.13408	9	5.0730328999823735	0.2571689795582086	2	140	0.10924889048382468	2	0	129	8.215042520798931	311,293,272,215,161,173,140
8.840331	12.13417	10	3.753161788947813	0.6198381151091065	3	134	0.050008066962361784	3	1.7592672055129286	160,162,134	6.2594971138145095	311,284,241,223,208,187,169,133
8.863929	12.10775	11	3.7269133059700152	0.6457901837024235	3	134	0.08527232321331488	3	1.7592672055129286	160,162,134	6.2594971138145095	311,284,241,223,208,187,169,133
9.046618	11.20749	12	3.5628458637963205	1.5567492202868154	3	186	0.03519147798880676	3	2.5100455793400553	160,162,134,178,190,191,187	4.364619068777006	311,284,241,223,208,187
9.083952	13.21588	13	3.7918688311487987	0.5118146998561209	3	160	0.16728726948236602	3	0.7295209930362598	160	6.307625470323131	311,284,241,223,208,209,191,190,178,134,162,160
9.105901	6.343998	14	6.402182759801375	1.2475256531918208	4	181	0.08410706969872986	5	3.1194404155508746	212,204,174,170,148,188	8.169495286075838	311,312,321,309,305,289,277,260,255,224,229,198,212,204,174,170,148,188
9.200059	11.97217	15	3.3801912276615886	0.8504088623835057	3	178	0.134667492738039	3	0.5009708895598932	160,162	5.077133587726979	311,284,241,223,208,209,191,190,178
9.207745	11.08172	16	3.4249830481088748	1.706709361893584	3	186	0.026799665072526364	3	2.5100455793400553	160,162,134,178,190,191,187	4.364619068777006	311,284,241,223,208,187
9.217884	12.33342	17	3.4078347469170738	0.5490358555963437	3	178	0.07414433612817796	3	0.5009708895598932	160,162	5.077133587726979	311,284,241,223,208,209,191,190,178
9.224811	10.83608	18	3.463153031597354	1.9510349396015452	3	169	0.08719087386205186	5	2.5948615420053427	212,198,150	4.8344049561572255	311,284,241,223,208,187,169
9.262066	10.66323	19	3.4761174397020804	2.1277972974581028	3	169	0.07162466903678254	5	2.5948615420053427	212,198,150	4.8344049561572255	311,284,241,223,208,187,169
9.285564	10.63081	20	3.463879035789118	2.1641044814366994	3	169	0.11163230400557982	5	2.5948615420053427	212,198,150	4.8344049561572255	311,284,241,223,208,187,169
9.327332	12.16842	21	3.2738993008432242	0.7460941930298146	3	178	0.07801273686759415	3	0.5009708895598932	160,162	5.077133587726979	311,284,241,223,208,209,191,190,178
9.378991	10.9628	22	3.2826024394016953	1.8632061279713545	3	187	0.08998947192885998	3	2.5100455793400553	160,162,134,178,190,191,187	4.364619068777006	311,284,241,223,208,187
9.423313	10.79384	23	3.283489345904986	2.037839501734523	3	187	0.06930131365926111	3	2.5100455793400553	160,162,134,178,190,191,187	4.364619068777006	311,284,241,223,208,187
9.442908	10.76749	24	3.27233786702146	2.0685858649970528	3	187	0.10211234194358966	3	2.5100455793400553	160,162,134,178,190,191,187	4.364619068777006	311,284,241,223,208,187
9.466473	10.73907	25	3.2583220235052814	2.1025132322384104	3	187	0.1390281896641616	3	2.5100455793400553	160,162,134,178,190,191,187	4.364619068777006	311,284,241,223,208,187
9.487955	10.70568	26	3.2482034645941065	2.1406847828237603	3	187	0.17850162428334168	3	2.5100455793400553	160,162,134,178,190,191,187	4.364619068777006	311,284,241,223,208,187
9.501461	11.54471	27	3.075316092027281	1.3664172764993894	3	197	0.10957366647498552	3	1.3606397660939202	160,162,134,178,190	4.217464711192951	311,284,241,223,208,209
9.511439	10.67225	28	3.2366603598005703	2.1795427725154664	3	187	0.21926409276294467	3	2.5100455793400553	160,162,134,178,190,191,187	4.364619068777006	311,284,241,223,208,187
9.53302	10.64486	29	3.2253530754055673	2.2121398051423444	3	187	0.2541320488310414	3	2.5100455793400553	160,162,134,178,190,191,187	4.364619068777006	311,284,241,223,208,187
9.556584	10.61644	30	3.212879246292233	2.2463955154403252	3	229	0.23087264495052312	5	0.923552385472348	212,198	4.126502485052617	311,312,321,309,305,289,277,260,255,224
9.579331	11.78081	31	2.992509380573093	1.20718969807649	3	191	0.08278660118295118	3	1.1325102557754165	160,162,134,178	4.445594221511455	311,284,241,223,208,209,191
9.582069	10.58299	32	3.2007821174907156	2.2861130740578877	3	229	0.18959313110830317	5	0.923552385472348	212,198	4.126502485052617	311,312,321,309,305,289,277,260,255,224
9.595812	10.9393	33	3.0780874998553487	1.956120328644639	3	187	0.0645273516938093	3	2.5100455793400553	160,162,134,178,190,191,187	4.364619068777006	311,284,241,223,208,187
9.610787	11.80735	34	2.9616581423707147	1.2051327878980018	3	217	0.09382087897880838	3	1.9572552749549366	160,162,134,178,190,191	3.6208492023319354	311,284,241,223,208
9.618408	10.91289	35	3.063164225166935	1.9890943184689873	3	187	0.09927067410946065	3	2.5100455793400553	160,162,134,178,190,191,187	4.364619068777006	311,284,241,223,208,187
9.693037	11.00984	36	2.96636196688313	1.9305704560872174	3	187	0.07074030722036181	3	2.5100455793400553	160,162,134,178,190,191,187	4.364619068777006	311,284,241,223,208,187
9.736776	12.35915	37	2.9041802467803115	0.9573689295292653	3	195	0.06048811367634644	3	1.0709894224981218	160,162,134	4.511427525288939	311,284,241,223,208,209,189
9.794394	11.77236	38	2.777333267665829	1.3518776153514815	3	217	0.03719816542673763	3	1.9572552749549366	160,162,134,178,190,191	3.6208492023319354	311,284,241,223,208
9.813148	12.50214	39	2.8650147872697893	0.9814755106866445	3	195	0.08405124414310672	3	1.0709894224981218	160,162,134	4.511427525288939	311,284,241,223,208,209,189
9.847669	12.53263	40	2.8402915864622695	1.0077636099097893	3	195	0.12981494846470806	3	1.0709894224981218	160,162,134	4.511427525288939	311,284,241,223,208,209,189
9.854939	12.17599	41	2.7532490385913797	1.146603513828738	3	209	0.06571417934955974	3	1.6028411032439573	160,162,134,179	3.9795758445431035	311,284,241,223,208,209
9.870624	12.40407	42	2.7842712495565802	1.0651683523849216	3	195	0.074938738809658	3	1.0709894224981218	160,162,134	4.511427525288939	311,284,241,223,208,209,189
9.878124	12.55918	43	2.8188222074489477	1.0321722318113435	3	195	0.1699885369791553	3	1.0709894224981218	160,162,134	4.511427525288939	311,284,241,223,208,209,189
9.921976	11.86345	44	2.6528862957821904	1.3822782462977599	3	217	0.03224552205573285	3	1.9572552749549366	160,162,134,178,190,191	3.6208492023319354	311,284,241,223,208
9.933102	12.30593	45	2.7009935767338944	1.1586389709304663	3	209	0.0708106180538917	3	1.6028411032439573	160,162,134,179	3.9795758445431035	311,284,241,223,208,209
9.944605	11.83905	46	2.629136143873337	1.415309160495758	3	217	0.06510218999740769	3	1.9572552749549366	160,162,134,178,190,191	3.6208492023319354	311,284,241,223,208
10.02774	11.28289	47	2.5821280734898022	1.8751357067719678	3	208	0.06237873825192945	3	1.8833336362303597	160,162,134,178,190,191	3.73790712566731	311,284,241,223,208
10.0868	11.47022	48	2.497810983331636	1.77232407346377	3	208	0.0516019470359485	3	1.8833336362303597	160,162,134,178,190,191	3.73790712566731	311,284,241,223,208
10.10162	10.64977	49	2.6945137690886183	2.440598636211044	3	207	0.10346975661241538	3	1.8833336362303597	160,162,134,178,190,191	3.73790712566731	311,284,241,223,208
10.1881	11.91827	50	2.390908934065067	1.5651884998361096	3	216	0.07212354519881155	3	1.9572552749549366	160,162,134,178,190,191	3.6208492023319354	311,284,241,223,208
10.27732	11.36702	51	2.322138176092921	1.979579536425654	3	222	0.14302642586387004	3	2.44487564045355	160,162,134,178,190,191,209	3.133228836833322	311,284,241,223
10.30772	9.4627	52	3.2018570579568593	2.064499202557146	5	229	0.06138138437236226	5	0.923552385472348	212,198	4.126502485052617	311,312,321,309,305,289,277,260,255,224
10.31367	11.38647	53	2.283251808265605	1.992289449744994	3	222	0.10180437147538572	3	2.44487564045355	160,162,134,178,190,191,209	3.133228836833322	311,284,241,223
10.33884	11.39608	54	2.2569369402985453	2.00415156325344	3	222	0.07513066841661387	3	2.44487564045355	160,162,134,178,190,191,209	3.133228836833322	311,284,241,223
10.38257	10.56815	55	2.4767170354055708	2.4767170354055708	7	225	0.061831856506176425	5	2.6516819706918113	212,198,229,224	4.577643341958465	311,284,241,223,208,222
10.38407	11.159	56	2.2598789664865144	2.2027041987941107	3	222	0.15047980429348914	3	2.44487564045355	160,162,134,178,190,191,209	3.133228836833322	311,284,241,223
10.39745	11.306	57	2.2143322058517234	2.108450850778649	3	222	0.0675266077406197	3	2.44487564045355	160,162,134,178,190,191,209	3.133228836833322	311,284,241,223
10.40739	11.17765	58	2.232652382285285	2.2054926316315835	3	222	0.12104263900621232	3	2.44487564045355	160,162,134,178,190,191,209	3.133228836833322	311,284,241,223
10.43369	11.19426	59	2.2030942755279797	2.2030942755279797	7	222	0.08998768940162713	3	2.44487564045355	160,162,134,178,190,191,209	3.133228836833322	311,284,241,223
10.43663	11.56376	60	2.1409748464697476	1.9716574235280342	3	223	0.07931370600306663	3	2.44487564045355	160,162,134,178,190,191,209	3.133228836833322	311,284,241,223
10.43855	11.80709	61	2.1343064438482493	1.8367539676367128	3	223	0.12247712211605394	3	2.44487564045355	160,162,134,178,190,191,209	3.133228836833322	311,284,241,223
10.45107	11.77685	62	2.1208715402560707	1.8631677204388255	3	223	0.09035287433796198	3	2.44487564045355	160,162,134,178,190,191,209	3.133228836833322	311,284,241,223
10.46296	11.20981	63	2.1709468539971573	2.1709468539971573	7	222	0.056848702836651235	3	2.44487564045355	160,162,134,178,190,191,209	3.133228836833322	311,284,241,223
10.48503	12.45631	64	2.210071568849334	1.6476453155255262	3	226	0.10309596456180987	3	1.9193998966608639	160,162,134,179	3.6662221373681145	311,284,241,223
10.49377	12.87479	65	2.3734806109231568	1.6338591414027128	3	226	0.0765696569919854	3	1.9193998966608639	160,162,134,179	3.6662221373681145	311,284,241,223
10.52485	12.31847	66	2.1302199963600366	1.7164867145332683	3	226	0.12333514916574878	3	1.9193998966608639	160,162,134,179	3.6662221373681145	311,284,241,223
10.52977	11.62937	67	2.0439307558790145	2.009268971826621	3	223	0.07605919932687243	3	2.44487564045355	160,162,134,178,190,191,209	3.133228836833322	311,284,241,223
10.53582	11.01035	68	2.158066814435586	2.158066814435586	7	222	0.08979615187837067	3	2.44487564045355	160,162,134,178,190,191,209	3.133228836833322	311,284,241,223
10.54701	12.32713	69	2.111384215300512	1.7357844683074022	3	226	0.09957310305224963	3	1.9193998966608639	160,162,134,179	3.6662221373681145	311,284,241,223
10.55035	11.602	70	2.024882053896512	2.024882053896512	7	223	0.11024240435209376	3	2.44487564045355	160,162,134,178,190,191,209	3.133228836833322	311,284,241,223
10.56304	11.58176	71	2.0135768383263035	2.0135768383263035	7	223	0.13412407626609874	3	2.44487564045355	160,162,134,178,190,191,209	3.133228836833322	311,284,241,223
10.56813	11.02786	72	2.121783048856823	2.121783048856823	7	222	0.053048126541030166	3	2.44487564045355	160,162,134,178,190,191,209	3.133228836833322	311,284,241,223
10.58664	11.86681	73	1.9896258995660867	1.9370971205985539	3	223	0.0904726662544397	3	2.44487564045355	160,162,134,178,190,191,209	3.133228836833322	311,284,241,223
10.62561	10.92979	74	2.1027972727536417	2.1027972727536417	7	222	0.050305158828909	3	2.44487564045355	160,162,134,178,190,191,209	3.133228836833322	311,284,241,223
10.64479	9.882927	75	2.667002562183462	2.4543333312922457	5	224	0.08727486740005679	5	2.6516819706918113	212,198,229,224	4.577643341958465	311,284,241,223,208,222
10.64812	11.70659	76	1.9233497069977044	1.9233497069977044	7	223	0.07704949152876298	3	2.44487564045355	160,162,134,178,190,191,209	3.133228836833322	311,284,241,223
10.6587	11.67938	77	1.9132565509027164	1.9132565509027164	7	223	0.10557633151694447	3	2.44487564045355	160,162,134,178,190,191,209	3.133228836833322	311,284,241,223
10.68826	12.45906	78	2.0203284573603764	1.8474644900422876	3	226	0.08336961637536157	3	1.9193998966608639	160,162,134,179	3.6662221373681145	311,284,241,223
10.69892	12.00221	79	1.8925319171015742	1.8925319171015742	7	226	0.09434655970594026	3	1.9193998966608639	160,162,134,179	3.6662221373681145	311,284,241,223
10.71447	12.47066	80	2.0002040812597492	1.8715556436572256	3	226	0.1120313251110512	3	1.9193998966608639	160,162,134,179	3.6662221373681145	311,284,241,223
10.75256	8.843783	81	3.4090984991239472	1.4180968519639592	5	248	0.0648053227864441	5	1.8704300755298613	212,198,229	5.073380175110131	311,312,321,309,305,289,277,260,255,224,229
10.77831	11.64841	82	1.7947785394471818	1.7947785394471818	7	241	0.1671043112354806	7	2.5142847112198865	311,284,241	2.5142847112198865	311,284,241
10.80179	9.687121	83	2.7005881751287357	2.2628599527076547	5	224	0.06802061534654627	5	2.6516819706918113	212,198,229,224	4.577643341958465	311,284,241,223,208,222
10.80275	9.933474	84	2.518992905434264	2.5088363743769926	5	224	0.07168100765150698	5	2.6516819706918113	212,198,229,224	4.577643341958465	311,284,241,223,208,222
10.80653	11.66098	85	1.7660703930297217	1.7660703930297217	7	241	0.13621159197020857	7	2.5142847112198865	311,284,241	2.5142847112198865	311,284,241
10.87104	9.823215	86	2.5526714211134096	2.4037648465617614	5	224	0.06590893878918087	5	2.6516819706918113	212,198,229,224	4.577643341958465	311,284,241,223,208,222
10.8983	12.01404	87	1.6974754260525113	1.6974754260525113	7	226	0.09233334836775518	3	1.9193998966608639	160,162,134,179	3.6662221373681145	311,284,241,223
10.9025	14.69996	88	3.4091894562508793	2.2172764606205537	2	215	0.25312077090023016	3	1.9721612801578778	160,125	5.369387075973988	311,293,272,215
10.91304	14.67075	89	3.378562876748657	2.2306555308787623	2	215	0.22212412454175234	3	1.9721612801578778	160,125	5.369387075973988	311,293,272,215
10.92631	14.62447	90	3.33174661048228	2.2491644318644233	2	215	0.17437026191638264	3	1.9721612801578778	160,125	5.369387075973988	311,293,272,215
10.93261	12.03151	91	1.6667702562441404	1.6667702562441404	7	226	0.13079027952080208	3	1.9193998966608639	160,162,134,179	3.6662221373681145	311,284,241,223
10.93752	9.725004	92	2.5842021070504826	2.3129495324972162	5	224	0.06543543979539208	5	2.6516819706918113	212,198,229,224	4.577643341958465	311,284,241,223,208,222
10.94726	16.4859	93	5.028241315173743	2.0322972796623264	6	239	0.07582470925997813	8	2.609052144499218	318,300,296,250,240	5.800964031278853	311,293,272,215,254,240
10.95782	12.04313	94	1.6441839198727612	1.6441839198727612	7	226	0.15854823552099548	3	1.9193998966608639	160,162,134,179	3.6662221373681145	311,284,241,223
10.96288	9.745629	95	2.5521973588061635	2.3365691553151358	5	224	0.09800912786596348	5	2.6516819706918113	212,198,229,224	4.577643341958465	311,284,241,223,208,222
10.96399	11.18275	96	1.6970651629811253	1.6970651629811253	7	241	0.18882435845188392	7	2.5142847112198865	311,284,241	2.5142847112198865	311,284,241
10.9726	11.34485	97	1.6438372306868334	1.6438372306868334	7	241	0.11446550215605839	7	2.5142847112198865	311,284,241	2.5142847112198865	311,284,241
10.97379	11.85359	98	1.602563771974195	1.602563771974195	7	241	0.09534717037158029	7	2.5142847112198865	311,284,241	2.5142847112198865	311,284,241
10.98912	9.759229	99	2.5251284979757282	2.3535707081186423	5	224	0.12734845964229383	5	2.6516819706918113	212,198,229,224	4.577643341958465	311,284,241,223,208,222
10.99125	11.19733	100	1.6665763629705526	1.6665763629705526	7	241	0.1579824499514628	7	2.5142847112198865	311,284,241	2.5142847112198865	311,284,241
10.99315	12.06159	101	1.613252081335139	1.613252081335139	7	226	0.19834154410658145	3	1.9193998966608639	160,162,134,179	3.6662221373681145	311,284,241,223
11.00403	11.86713	102	1.5735662924186438	1.5735662924186438	7	241	0.12848001983139853	7	2.5142847112198865	311,284,241	2.5142847112198865	311,284,241
11.01349	11.211	103	1.6411548249644696	1.6411548249644696	7	241	0.1320919292415192	7	2.5142847112198865	311,284,241	2.5142847112198865	311,284,241
11.01652	9.782825	104	2.4895790127556006	2.3808759042659267	5	224	0.16328215255494236	5	2.6516819706918113	212,198,229,224	4.577643341958465	311,284,241,223,208,222
11.0271	11.74557	105	1.5443692149846016	1.5443692149846016	7	241	0.09964487745008141	7	2.5142847112198865	311,284,241	2.5142847112198865	311,284,241
11.03126	11.87971	106	1.5476353671069158	1.5476353671069158	7	241	0.1584740033152861	7	2.5142847112198865	311,284,241	2.5142847112198865	311,284,241
11.04585	11.23151	107	1.60401320920127	1.60401320920127	7	241	0.09416605495560888	7	2.5142847112198865	311,284,241	2.5142847112198865	311,284,241
11.06231	11.75703	108	1.5093449953076192	1.5093449953076192	7	241	0.1364567702159566	7	2.5142847112198865	311,284,241	2.5142847112198865	311,284,241
11.07184	11.10491	109	1.6235044004819192	1.6235044004819192	7	241	0.12240610641059545	7	2.5142847112198865	311,284,241	2.5142847112198865	311,284,241
11.07647	11.64163	110	1.4973349684650246	1.4973349684650246	7	241	0.10202342443373912	7	2.5142847112198865	311,284,241	2.5142847112198865	311,284,241
11.10299	11.11242	111	1.5918626965615332	1.5918626965615332	7	241	0.09091738229975148	7	2.5142847112198865	311,284,241	2.5142847112198865	311,284,241
11.12639	9.643859	112	2.5353741080253127	2.2635768731359875	5	255	0.0827023124310248	5	2.012824634757062	212,198,229,224	3.037230235767903	311,312,321,309,305,289,277,260
11.12872	11.52963	113	1.4561013244579373	1.4561013244579373	7	241	0.10372152894719446	7	2.5142847112198865	311,284,241	2.5142847112198865	311,284,241
11.15694	14.775	114	3.360037278627153	2.4656263610673075	2	215	0.22136720637032267	3	1.9721612801578778	160,125	5.369387075973988	311,293,272,215
11.17129	14.73371	115	3.31654604316662	2.4824710833627077	2	215	0.17776885087346622	3	1.9721612801578778	160,125	5.369387075973988	311,293,272,215
11.17751	8.616005	116	3.4091295611409604	1.294848601840419	5	248	0.15798117488104887	5	1.8704300755298613	212,198,229	5.073380175110131	311,312,321,309,305,289,277,260,255,224,229
11.18297	11.41759	117	1.4224856617161943	1.4224856617161943	7	241	0.10722713852460677	7	2.5142847112198865	311,284,241	2.5142847112198865	311,284,241
11.19962	8.586758	118	3.4269311431588694	1.2772490884753407	5	247	0.13936005151038722	5	1.8704300755298613	212,198,229	5.073380175110131	311,312,321,309,305,289,277,260,255,224,229
11.2153	11.4361	119	1.3869460637141444	1.3869460637141444	7	241	0.14430508779398263	7	2.5142847112198865	311,284,241	2.5142847112198865	311,284,241
11.24757	11.45161	120	1.3521657511814733	1.3521657511814733	7	241	0.18009747016564095	7	2.5142847112198865	311,284,241	2.5142847112198865	311,284,241
11.26415	10.80238	121	1.6012599671609091	1.6012599671609091	7	251	0.09475795609163523	7	1.6218524651536546	311,284	1.6218524651536546	311,284
11.27275	11.46122	122	1.3255626336435997	1.3255626336435997	7	241	0.2070033984384511	7	2.5142847112198865	311,284,241	2.5142847112198865	311,284,241
11.324	9.79492	123	2.2998904396105826	2.2998904396105826	7	255	0.08611288531560818	5	2.012824634757062	212,198,229,224	3.037230235767903	311,312,321,309,305,289,277,260
11.36395	9.602994	124	2.4433504908522945	2.28516217774518	5	255	0.0917733251409293	5	2.012824634757062	212,198,229,224	3.037230235767903	311,312,321,309,305,289,277,260
11.38291	9.910148	125	2.1711705138528745	2.1711705138528745	7	255	0.1434758825718939	5	2.012824634757062	212,198,229,224	3.037230235767903	311,312,321,309,305,289,277,260
11.39099	11.03369	126	1.369009460523979	1.369009460523979	7	251	0.12755340543600216	7	1.6218524651536546	311,284	1.6218524651536546	311,284
11.39957	9.887847	127	2.180871377453781	2.180871377453781	7	255	0.11563913023107382	5	2.012824634757062	212,198,229,224	3.037230235767903	311,312,321,309,305,289,277,260
11.40942	10.99734	128	1.3721353661166802	1.3721353661166802	7	251	0.1262706453677505	7	1.6218524651536546	311,284	1.6218524651536546	311,284
11.41806	9.855504	129	2.1984616400829364	2.1984616400829364	7	255	0.07865018983393336	5	2.012824634757062	212,198,229,224	3.037230235767903	311,312,321,309,305,289,277,260
11.42396	10.96806	130	1.3757811723454278	1.3757811723454278	7	251	0.12496946917800125	7	1.6218524651536546	311,284	1.6218524651536546	311,284
11.44538	10.93066	131	1.3792237815946176	1.3792237815946176	7	251	0.12580557885823934	7	1.6218524651536546	311,284	1.6218524651536546	311,284
11.45123	11.4183	132	1.1619341623758879	1.1619341623758879	7	285	0.16095717431468232	7	0.6909780572495324	311	0.6909780572495324	311
11.47169	11.38392	133	1.1519955692901584	1.1519955692901584	7	285	0.12102996872989966	7	0.6909780572495324	311	0.6909780572495324	311
11.48419	10.41928	134	1.7007392484634896	1.7007392484634896	7	251	0.08564235758666983	7	1.6218524651536546	311,284	1.6218524651536546	311,284
11.49627	10.73456	135	1.4632471630343777	1.4632471630343777	7	251	0.07630818005306277	7	1.6218524651536546	311,284	1.6218524651536546	311,284
11.53711	12.58766	136	1.3454052457160106	1.3454052457160106	7	261	0.11642958813185494	7	1.7373780340270604	311,284	1.7373780340270604	311,284
11.53864	10.75491	137	1.418379102998968	1.418379102998968	7	251	0.12324587383593791	7	1.6218524651536546	311,284	1.6218524651536546	311,284
11.54616	12.27906	138	1.164309577363408	1.164309577363408	7	284	0.12515037224036868	7	0.6909780572495324	311	0.6909780572495324	311
11.54975	12.56442	139	1.3208609833408513	1.3208609833408513	7	261	0.08999977094815306	7	1.7373780340270604	311,284	1.7373780340270604	311,284
11.57369	11.1289	140	1.1633020345826612	1.1633020345826612	7	285	0.15244526866455083	7	0.6909780572495324	311	0.6909780572495324	311
11.58543	12.29345	141	1.136982943828164	1.136982943828164	7	284	0.08348109707918222	7	0.6909780572495324	311	0.6909780572495324	311
11.58812	11.09262	142	1.17021955782159	1.17021955782159	7	285	0.19131390125212402	7	0.6909780572495324	311	0.6909780572495324	311
11.59055	9.53944	143	2.397529984036102	2.306418570640874	5	283	0.06897202816950368	5	2.9599366783657057	212,198,229,247	3.9902795375349056	311,312,321,309,305,289,277,260,255
11.61652	11.05411	144	1.168215915543081	1.168215915543081	7	285	0.2385372423706909	7	0.6909780572495324	311	0.6909780572495324	311
11.64155	12.17337	145	1.0313294004595033	1.0313294004595033	7	284	0.08347504584816207	7	0.6909780572495324	311	0.6909780572495324	311
11.64594	10.45675	146	1.5717405677986933	1.5717405677986933	7	260	0.06987178419425244	9	2.198428394336184	288,277,260	2.3640709069065187	311,284,241
11.65278	12.62286	147	1.2829844339025158	1.2829844339025158	7	261	0.08694215941567143	7	1.7373780340270604	311,284	1.7373780340270604	311,284
11.65302	13.57026	148	2.059205761702351	2.059205761702351	7	272	0.14610666884232293	7	2.89567587197299	311,293,272	2.89567587197299	311,293,272
11.65745	11.17163	149	1.0695117804737617	1.0695117804737617	7	285	0.15260879894716237	7	0.6909780572495324	311	0.6909780572495324	311
11.67728	10.47627	150	1.5375724832137698	1.5375724832137698	7	260	0.10676916466149955	9	2.198428394336184	288,277,260	2.3640709069065187	311,284,241
11.67779	11.12924	151	1.075168319354769	1.075168319354769	7	285	0.19961011024275363	7	0.6909780572495324	311	0.6909780572495324	311
11.68324	13.5818	152	2.056309524561942	2.056309524561942	7	272	0.11394261489100635	7	2.89567587197299	311,293,272	2.89567587197299	311,293,272
11.70552	10.36466	153	1.6143455990054159	1.6143455990054159	7	260	0.06776140036340253	9	2.198428394336184	288,277,260	2.3640709069065187	311,284,241
11.70601	9.637946	154	2.261346247790497	2.261346247790497	7	283	0.08192460240035553	5	2.9599366783657057	212,198,229,247	3.9902795375349056	311,312,321,309,305,289,277,260,255
11.7104	13.59038	155	2.052511373155374	2.052511373155374	7	272	0.08606962953446516	7	2.89567587197299	311,293,272	2.89567587197299	311,293,272
11.73556	13.59899	156	2.049944166010422	2.049944166010422	7	272	0.0603589832270229	7	2.89567587197299	311,293,272	2.89567587197299	311,293,272
11.76579	13.61152	157	2.0493211810119374	2.0493211810119374	7	272	0.029714280408584065	7	2.89567587197299	311,293,272	2.89567587197299	311,293,272
11.76649	11.22997	158	0.9460565062427082	0.9460565062427082	7	285	0.15040673391175666	7	0.6909780572495324	311	0.6909780572495324	311
11.76803	10.26851	159	1.6652409560889858	1.6652409560889858	7	260	0.06580939157131231	9	2.198428394336184	288,277,260	2.3640709069065187	311,284,241
11.77328	9.525179	160	2.342156145951238	2.342156145951238	7	283	0.0739118843069257	5	2.9599366783657057	212,198,229,247	3.9902795375349056	311,312,321,309,305,289,277,260,255
11.78689	11.19158	161	0.9498679915778604	0.9498679915778604	7	285	0.19387544230401374	7	0.6909780572495324	311	0.6909780572495324	311
11.79539	15.07723	162	3.43875425462829	2.806276034854135	8	275	0.10214897458115935	7	3.450513187323988	311,293,272	3.450513187323988	311,293,272
11.8024	11.16029	163	0.9553281116099104	0.9553281116099104	7	285	0.22879548029731187	7	0.6909780572495324	311	0.6909780572495324	311
11.82367	11.7979	164	0.7510276099106871	0.7510276099106871	7	284	0.0774385514987919	7	0.6909780572495324	311	0.6909780572495324	311
11.87974	14.16151	165	2.53068151032566	2.53068151032566	7	276	0.1826620544846921	7	3.450513187323988	311,293,272	3.450513187323988	311,293,272
11.89653	10.2304	166	1.6418633992924494	1.6418633992924494	7	277	0.10245524240073221	9	1.7184672994904358	288,277	2.615204205738036	311,312,321,309,305,289,277
11.91194	14.17201	167	2.5322078971648763	2.5322078971648763	7	276	0.14892995316853014	7	3.450513187323988	311,293,272	3.450513187323988	311,293,272
11.9171	10.20203	168	1.6595504342418024	1.6595504342418024	7	277	0.06743831346872896	9	1.7184672994904358	288,277	2.615204205738036	311,312,321,309,305,289,277
11.939	14.17458	169	2.527784478908787	2.527784478908787	7	276	0.12304694105565102	7	3.450513187323988	311,293,272	3.450513187323988	311,293,272
12.00341	14.56914	170	2.898164976159944	2.898164976159944	7	276	0.09163789659239094	7	3.450513187323988	311,293,272	3.450513187323988	311,293,272
12.03297	11.36891	171	0.6466943551540852	0.6466943551540852	7	285	0.1482608121708245	7	0.6909780572495324	311	0.6909780572495324	311
12.03469	14.58466	172	2.9074496314922054	2.9074496314922054	7	276	0.12650271379662223	7	3.450513187323988	311,293,272	3.450513187323988	311,293,272
12.06085	10.30288	173	1.5130175332071192	1.5130175332071192	7	277	0.07142142794647681	9	1.7184672994904358	288,277	2.615204205738036	311,312,321,309,305,289,277
12.14346	13.6315	174	1.9518121878347225	1.9518121878347225	7	293	0.1491477127959779	7	2.4158750610807624	311,293	2.4158750610807624	311,293
12.14729	9.951969	175	1.8251502995767654	1.8251502995767654	7	288	0.09770370201736857	9	1.3851460624492153	288	2.281882968696816	311,312,321,309,305,289
12.16919	11.43683	176	0.4960218773039736	0.4960218773039736	7	311	0.14838710718871834	7	0	311	0	311
12.17253	9.965585	177	1.8061690845713072	1.8061690845713072	7	288	0.06903055273795329	9	1.3851460624492153	288	2.281882968696816	311,312,321,309,305,289
12.17318	11.80932	178	0.4065656359754955	0.4065656359754955	7	311	0.18462987842722323	7	0	311	0	311
12.17855	13.63494	179	1.947789966796257	1.947789966796257	7	293	0.11554165862849146	7	2.4158750610807624	311,293	2.4158750610807624	311,293
12.18563	11.40151	180	0.5048185415732658	0.5048185415732658	7	311	0.1873392251809126	7	0	311	0	311
12.18764	14.13755	181	2.440731954931586	2.440731954931586	7	276	0.09087978382512886	7	3.450513187323988	311,293,272	3.450513187323988	311,293,272
12.18887	11.78904	182	0.38746121226280156	0.38746121226280156	7	311	0.15952348937913377	7	0	311	0	311
12.19227	10.38389	183	1.3957471415797917	1.3957471415797917	7	289	0.07364094148402421	9	1.3851460624492153	288	2.281882968696816	311,312,321,309,305,289
12.20415	11.37017	184	0.5121444037887739	0.5121444037887739	7	311	0.22362651158448832	7	0	311	0	311
12.20569	13.64252	185	1.949943557866268	1.949943557866268	7	293	0.08761079275970932	7	2.4158750610807624	311,293	2.4158750610807624	311,293
12.21672	14.14109	186	2.4398317590129373	2.4398317590129373	7	276	0.11900158704307927	7	3.450513187323988	311,293,272	3.450513187323988	311,293,272
12.22264	11.33782	187	0.5226842086041611	0.5226842086041611	7	311	0.2608083564787626	7	0	311	0	311
12.24902	14.15759	188	2.451702305364207	2.451702305364207	7	276	0.15519005874182729	7	3.450513187323988	311,293,272	3.450513187323988	311,293,272
12.27691	11.91081	189	0.3470219251577041	0.3470219251577041	7	311	0.2303550331561078	7	0	311	0	311
12.29844	11.88042	190	0.31300266862146786	0.31300266862146786	7	311	0.19360162309401865	7	0	311	0	311
12.30798	11.85122	191	0.2911309262104584	0.2911309262104584	7	311	0.1631754274870438	7	0	311	0	311
12.31552	11.51159	192	0.33455737524101836	0.33455737524101836	7	311	0.14536542040562375	7	0	311	0	311
12.31692	14.83151	193	3.1147498046629947	2.774062164885396	8	333	0.11590609133139905	8	2.4858187261615052	318,357,332	4.799819285258587	311,293,272,292,314
12.34107	11.48214	194	0.3362632908423985	0.3362632908423985	7	311	0.18303683607056453	7	0	311	0	311
12.34805	14.77593	195	3.056927332314618	2.8139493494867036	8	333	0.17956684689952906	8	2.4858187261615052	318,357,332	4.799819285258587	311,293,272,292,314
12.35546	11.44285	196	0.35700210038620067	0.35700210038620067	7	311	0.22465795367374475	7	0	311	0	311
12.36505	10.48427	197	1.2599063699545918	1.2599063699545918	7	298	0.07082106660045244	9	2.24549571715551	288,277,289	2.3190168848317705	311,312,321,309,305,289
12.36903	11.4156	198	0.37150118699158863	0.37150118699158863	7	311	0.25509882620119767	7	0	311	0	311
12.3847	13.69473	199	1.9763942318960968	1.9763942318960968	7	293	0.09748802270972652	7	2.4158750610807624	311,293	2.4158750610807624	311,293
12.38503	13.21802	200	1.5024488152134032	1.5024488152134032	7	293	0.09006903184506677	7	2.4158750610807624	311,293	2.4158750610807624	311,293
12.39045	11.3782	201	0.39307549436737926	0.39307549436737926	7	311	0.2981040730657422	7	0	311	0	311
12.40901	11.34986	202	0.4107556800826488	0.4107556800826488	7	311	0.3317127203134411	7	0	311	0	311
12.42151	11.56698	203	0.2193530002533813	0.2193530002533813	7	311	0.1420625895876897	7	0	311	0	311
12.42551	11.31754	204	0.4348204718273508	0.4348204718273508	7	311	0.36799496934142556	7	0	311	0	311
12.4261	11.91442	205	0.2369871597622116	0.2369871597622116	7	311	0.16817819112581975	7	0	311	0	311
12.43804	11.53667	206	0.23251745255820888	0.23251745255820888	7	311	0.1765515536119016	7	0	311	0	311
12.44094	11.28124	207	0.4646104141796209	0.4646104141796209	7	311	0.40738494463722613	7	0	311	0	311
12.45562	11.50935	208	0.24666010501935604	0.24666010501935604	7	311	0.20881376042457173	7	0	311	0	311
12.45943	11.2489	209	0.49119286258674244	0.49119286258674244	7	321	0.4157946626738836	7	0.35439681516634647	311	0.35439681516634647	311
12.47179	13.01132	210	1.2880043974087048	1.2880043974087048	7	293	0.09178554072885882	7	2.4158750610807624	311,293	2.4158750610807624	311,293
12.47289	11.21463	211	0.5219133201252478	0.5219133201252478	7	321	0.41937221279767517	7	0.35439681516634647	311	0.35439681516634647	311
12.48731	11.17735	212	0.5562071265815984	0.5562071265815984	7	298	0.4001668221881976	9	2.24549571715551	288,277,289	2.3190168848317705	311,312,321,309,305,289
12.50162	12.06644	213	0.34636360188126053	0.34636360188126053	7	311	0.27168635190692436	7	0	311	0	311
12.50406	13.39938	214	1.6735637186137147	1.6735637186137147	7	293	0.09079853270083854	7	2.4158750610807624	311,293	2.4158750610807624	311,293
12.51176	11.1419	215	0.5882967662839558	0.5882967662839558	7	298	0.3881028499769101	9	2.24549571715551	288,277,289	2.3190168848317705	311,312,321,309,305,289
12.51876	10.58196	216	1.1464173158235864	1.1464173158235864	7	305	0.07745360552030607	9	1.7967539317348855	288,277	1.8702750994111454	311,312,321,309,305
12.51938	11.61548	217	0.12319307982252813	0.12319307982252813	7	311	0.14139128662787262	7	0	311	0	311
12.52108	12.03208	218	0.30902774353795615	0.30902774353795615	7	311	0.2322727124255138	7	0	311	0	311
12.5272	12.7851	219	1.0588512431744894	1.0588512431744894	7	293	0.13000750877962106	7	2.4158750610807624	311,293	2.4158750610807624	311,293
12.53218	11.10452	220	0.6238814499215039	0.6238814499215039	7	298	0.37626143610022067	9	2.24549571715551	288,277,289	2.3190168848317705	311,312,321,309,305,289
12.53966	12.00474	221	0.2793742463795838	0.2793742463795838	7	311	0.19955402149921708	7	0	311	0	311
12.54032	13.41382	222	1.6869355883578248	1.6869355883578248	7	293	0.12981475233276016	7	2.4158750610807624	311,293	2.4158750610807624	311,293
12.54631	11.9826	223	0.256655347421713	0.256655347421713	7	311	0.1767401277704503	7	0	311	0	311
12.54972	11.07519	224	0.6523390166839325	0.6523390166839325	7	298	0.3713689357555366	9	2.24549571715551	288,277,289	2.3190168848317705	311,312,321,309,305,289
12.55331	11.54684	225	0.18123105959012617	0.18123105959012617	7	312	0.20589964920451864	7	0	311	0	311
12.56326	11.04593	226	0.6812881483778788	0.6812881483778788	7	298	0.36620690713884646	9	2.24549571715551	288,277,289	2.3190168848317705	311,312,321,309,305,289
12.57046	12.79843	227	1.071260377723437	1.071260377723437	7	293	0.08499517179135906	7	2.4158750610807624	311,293	2.4158750610807624	311,293
12.57377	13.43932	228	1.7121516967045192	1.7121516967045192	7	293	0.17060685352922733	7	2.4158750610807624	311,293	2.4158750610807624	311,293
12.58271	11.01057	229	0.7166898852224438	0.7166898852224438	7	298	0.3661741983851541	9	2.24549571715551	288,277,289	2.3190168848317705	311,312,321,309,305,289
12.59053	14.97835	230	3.2512365181014085	2.541335526372825	8	333	0.11004030676944825	8	2.4858187261615052	318,357,332	4.799819285258587	311,293,272,292,314
12.59532	10.98533	231	0.7422268429315662	0.7422268429315662	7	298	0.36563467419581763	9	2.24549571715551	288,277,289	2.3190168848317705	311,312,321,309,305,289
12.6148	10.95197	232	0.7764161953180523	0.7764161953180523	7	309	0.34670897230679437	7	1.6591219418286691	311,312,321,309	1.6591219418286691	311,312,321,309
12.61527	10.3553	233	1.372572555505959	1.372572555505959	7	310	0.12312357153590843	7	1.6591219418286691	311,312,321,309	1.6591219418286691	311,312,321,309
12.6326	11.62268	234	0.12111377581497397	0.12111377581497397	7	312	0.1032172696890057	7	0	311	0	311
12.64394	10.64805	235	1.081558083906805	1.081558083906805	7	309	0.07044138892449771	7	1.6591219418286691	311,312,321,309	1.6591219418286691	311,312,321,309
12.65285	11.26382	236	0.47046137757754225	0.47046137757754225	7	321	0.23670754955725823	7	0.35439681516634647	311	0.35439681516634647	311
12.65285	11.26382	237	0.47046137757754225	0.47046137757754225	7	321	0.23670754955725823	7	0.35439681516634647	311	0.35439681516634647	311
12.67759	12.0546	238	0.3442314668710012	0.3442314668710012	7	329	0.18777054444457916	7	0.3876597358509272	311	0.3876597358509272	311
12.68321	11.28437	239	0.4567081693818936	0.4567081693818936	7	321	0.20032557620683986	7	0.35439681516634647	311	0.35439681516634647	311
12.68321	11.28437	240	0.4567081693818936	0.4567081693818936	7	321	0.20032557620683986	7	0.35439681516634647	311	0.35439681516634647	311
12.69358	10.21487	241	1.517230739266826	1.517230739266826	7	310	0.12195662475351676	7	1.6591219418286691	311,312,321,309	1.6591219418286691	311,312,321,309
12.7135	11.30091	242	0.44933448667129866	0.44933448667129866	7	321	0.1658276582558456	7	0.35439681516634647	311	0.35439681516634647	311
12.74049	10.73864	243	1.0028941385331545	1.0028941385331545	7	309	0.09910616444758509	7	1.6591219418286691	311,312,321,309	1.6591219418286691	311,312,321,309
12.74439	12.84671	244	1.1328324372669425	1.1328324372669425	7	293	0.09388600809021093	7	2.4158750610807624	311,293	2.4158750610807624	311,293
12.74481	11.31843	245	0.4440196266609844	0.4440196266609844	7	321	0.12997586601118682	7	0.35439681516634647	311	0.35439681516634647	311
12.74603	9.155196	246	2.5778983698571505	1.4261734787437896	9	288	0.0698624629189799	9	1.3851460624492153	288	2.281882968696816	311,312,321,309,305,289
12.74707	10.7125	247	1.0297715055138001	1.0297715055138001	7	309	0.07326646965512122	7	1.6591219418286691	311,312,321,309	1.6591219418286691	311,312,321,309
12.78222	11.34187	248	0.43922454199208844	0.43922454199208844	7	321	0.08600047357353238	7	0.35439681516634647	311	0.35439681516634647	311
12.793	14.31211	249	2.5944246511533473	2.5944246511533473	7	314	0.12905963556739072	7	2.9604884500449433	311,293,272	2.9604884500449433	311,293,272
12.80755	14.28284	250	2.566560939068497	2.566560939068497	7	314	0.09637336540069319	7	2.9604884500449433	311,293,272	2.9604884500449433	311,293,272
12.84456	16.01885	251	4.300366923991507	1.475562995640865	8	299	0.07812101310676553	8	1.106410386105853	318,300	6.54860774073432	311,293,272,292,314,299
12.8446	11.61027	252	0.29719678025200774	0.29719678025200774	7	312	0.08692849561469712	7	0	311	0	311
12.8446	11.61027	253	0.29719678025200774	0.29719678025200774	7	312	0.08692849561469712	7	0	311	0	311
12.85563	9.896143	254	1.8529623674120197	1.8529623674120197	7	310	0.1330632939359486	7	1.6591219418286691	311,312,321,309	1.6591219418286691	311,312,321,309
12.87284	11.62384	255	0.3186965962858098	0.3186965962858098	7	312	0.11822808358021789	7	0	311	0	311
12.88335	10.78442	256	0.9930335201755063	0.9930335201755063	7	309	0.06560607083039088	7	1.6591219418286691	311,312,321,309	1.6591219418286691	311,312,321,309
12.90019	10.33882	257	1.426760370372039	1.426760370372039	7	310	0.11879921270649133	7	1.6591219418286691	311,312,321,309	1.6591219418286691	311,312,321,309
12.9097	11.73742	258	0.33849562592766413	0.33849562592766413	7	329	0.1964714026615305	7	0.3876597358509272	311	0.3876597358509272	311
12.91849	9.794238	259	1.963854788732649	1.932465853428764	9	310	0.12692596574846474	7	1.6591219418286691	311,312,321,309	1.6591219418286691	311,312,321,309
12.92878	10.93291	260	0.8709754818226284	0.8709754818226284	7	321	0.1412224856985	7	0.35439681516634647	311	0.35439681516634647	311
12.92922	11.70606	261	0.35848249327988263	0.35848249327988263	7	312	0.2023384981729929	7	0	311	0	311
12.94471	13.7879	262	2.094277597187194	2.094277597187194	7	319	0.0839315140134367	7	3.1622057552030776	311,293,272,292	3.1622057552030776	311,293,272,292
12.9731	10.95023	263	0.8746605699310794	0.8746605699310794	7	321	0.09387153026134357	7	0.35439681516634647	311	0.35439681516634647	311
12.98045	10.66068	264	1.1422591104789492	1.1422591104789492	7	309	0.09035573905919123	7	1.6591219418286691	311,312,321,309	1.6591219418286691	311,312,321,309
12.98116	14.37319	265	2.677565724354896	2.677565724354896	7	314	0.09875573816388353	7	2.9604884500449433	311,293,272	2.9604884500449433	311,293,272
12.98866	10.1677	266	1.6143377294544528	1.6143377294544528	7	310	0.11412317789187332	7	1.6591219418286691	311,312,321,309	1.6591219418286691	311,312,321,309
13.01865	11.78975	267	0.45164693991231697	0.45164693991231697	7	329	0.19309027970295853	7	0.3876597358509272	311	0.3876597358509272	311
13.02248	9.609664	268	2.165026853258905	1.725151831176654	9	310	0.12445974905278223	7	1.6591219418286691	311,312,321,309	1.6591219418286691	311,312,321,309
13.03883	11.24061	269	0.6747363992524492	0.6747363992524492	7	321	0.09660055410607807	7	0.35439681516634647	311	0.35439681516634647	311
13.04533	13.88243	270	2.2067608859312693	2.2067608859312693	7	319	0.215273462082867	7	3.1622057552030776	311,293,272,292	3.1622057552030776	311,293,272,292
13.06382	13.85009	271	2.1792903826631647	2.1792903826631647	7	326	0.17941986221188028	7	3.5370672234826	311,293,272,292,315	3.5370672234826	311,293,272,292,315
13.08049	14.20134	272	2.5260108774714656	2.5260108774714656	7	314	0.0994199953720301	7	2.9604884500449433	311,293,272	2.9604884500449433	311,293,272
13.08718	12.37853	273	0.8308673387828899	0.8308673387828899	7	293	0.22443771423659706	7	2.4158750610807624	311,293	2.4158750610807624	311,293
13.08889	11.11662	274	0.8003805453808582	0.8003805453808582	7	321	0.0848695546552351	7	0.35439681516634647	311	0.35439681516634647	311
13.10214	10.56081	275	1.281453659959719	1.281453659959719	7	338	0.1748793167981918	7	1.1674509848099999	311,312,321,309	1.1674509848099999	311,312,321,309
13.10475	12.3512	276	0.8209255506513131	0.8209255506513131	7	293	0.22981578729092753	7	2.4158750610807624	311,293	2.4158750610807624	311,293
13.1202	12.3159	277	0.8048781259123405	0.8048781259123405	7	330	0.228806297310264	7	0.3876597358509272	311	0.3876597358509272	311
13.1237	11.84915	278	0.5656492180425607	0.5656492180425607	7	330	0.18451674379471167	7	0.3876597358509272	311	0.3876597358509272	311
13.12517	11.13206	279	0.8129341124889283	0.8129341124889283	7	321	0.12420397581469234	7	0.35439681516634647	311	0.35439681516634647	311
13.12842	10.58083	280	1.2745241013210218	1.2745241013210218	7	338	0.14189204307440392	7	1.1674509848099999	311,312,321,309	1.1674509848099999	311,312,321,309
13.1377	12.28358	281	0.7939354739348552	0.7939354739348552	7	330	0.19205319291296435	7	0.3876597358509272	311	0.3876597358509272	311
13.14523	11.81876	282	0.5811333445055108	0.5811333445055108	7	330	0.22146671982477711	7	0.3876597358509272	311	0.3876597358509272	311
13.14793	10.59459	283	1.2708937337779895	1.2708937337779895	7	338	0.11802174264631818	7	1.1674509848099999	311,312,321,309	1.1674509848099999	311,312,321,309
13.15651	11.15159	284	0.820788235186251	0.820788235186251	7	321	0.16099561292596384	7	0.35439681516634647	311	0.35439681516634647	311
13.16265	12.96319	285	1.3701714409270704	1.3701714409270704	7	343	0.07221382735060759	7	3.582678017147262	311,293,330,349,370,393,344	3.582678017147262	311,293,330,349,370,393,344
13.17116	12.932	286	1.3458736377313303	1.3458736377313303	7	343	0.10365794792224496	7	3.582678017147262	311,293,330,349,370,393,344	3.582678017147262	311,293,330,349,370,393,344
13.17422	9.835811	287	1.9851144875722306	1.9094005992795646	9	310	0.1173054985623689	7	1.6591219418286691	311,312,321,309	1.6591219418286691	311,312,321,309
13.17832	10.61175	288	1.2698671991858665	1.2698671991858665	7	338	0.08323931354526452	7	1.1674509848099999	311,312,321,309	1.1674509848099999	311,312,321,309
13.205	13.16882	289	1.5747554981685772	1.5747554981685772	7	343	0.08780234444660757	7	3.582678017147262	311,293,330,349,370,393,344	3.582678017147262	311,293,330,349,370,393,344
13.20859	14.26238	290	2.614068156491748	2.614068156491748	7	314	0.10268375329944761	7	2.9604884500449433	311,293,272	2.9604884500449433	311,293,272
13.22668	12.33923	291	0.8966951936171861	0.8966951936171861	7	330	0.1992048022227473	7	0.3876597358509272	311	0.3876597358509272	311
13.22677	11.90959	292	0.6803233413812593	0.6803233413812593	7	330	0.1797802471869813	7	0.3876597358509272	311	0.3876597358509272	311
13.23216	9.731717	293	2.10202041946532	1.7969083055763198	9	310	0.11807629198311614	7	1.6591219418286691	311,312,321,309	1.6591219418286691	311,312,321,309
13.24529	12.99792	294	1.438397631583202	1.438397631583202	7	343	0.08144534941259035	7	3.582678017147262	311,293,330,349,370,393,344	3.582678017147262	311,293,330,349,370,393,344
13.24604	10.51404	295	1.3881203258522516	1.3881203258522516	7	338	0.0820638040963305	7	1.1674509848099999	311,312,321,309	1.1674509848099999	311,312,321,309
13.24918	11.87218	296	0.6931582754004763	0.6931582754004763	7	330	0.22333656465556156	7	0.3876597358509272	311	0.3876597358509272	311
13.25468	10.81906	297	1.1364816501625354	1.1364816501625354	7	337	0.09370615912093473	7	1.0939627448919023	311,312,321	1.0939627448919023	311,312,321
13.26078	12.96562	298	1.417412745263765	1.417412745263765	7	343	0.11721563507458077	7	3.582678017147262	311,293,330,349,370,393,344	3.582678017147262	311,293,330,349,370,393,344
13.26943	14.79979	299	3.1509198573997668	2.59702915880832	8	352	0.08581374413140695	8	3.41459293123002	318,357,332,299	3.871045080190072	311,293,272,292
13.28041	12.94127	300	1.4059840965459607	1.4059840965459607	7	343	0.14800149750305597	7	3.582678017147262	311,293,330,349,370,393,344	3.582678017147262	311,293,330,349,370,393,344
13.28895	9.631591	301	2.2150366424538346	1.689417300838713	9	310	0.11974601554453655	7	1.6591219418286691	311,312,321,309	1.6591219418286691	311,312,321,309
13.29801	12.91595	302	1.3932762440450075	1.3932762440450075	7	343	0.17866310777590333	7	3.582678017147262	311,293,330,349,370,393,344	3.582678017147262	311,293,330,349,370,393,344
13.31339	12.3789	303	0.9876037198310677	0.9876037198310677	7	349	0.19333182560617607	7	0.8294778067399872	311,293	0.8294778067399872	311,293
13.31452	10.31512	304	1.5956730813760562	1.5956730813760562	7	338	0.13708673857251677	7	1.1674509848099999	311,312,321,309	1.1674509848099999	311,312,321,309
13.3154	12.87661	305	1.3692364406603275	1.3692364406603275	7	343	0.221520751350902	7	3.582678017147262	311,293,330,349,370,393,344	3.582678017147262	311,293,330,349,370,393,344
13.31653	9.643641	306	2.212774732971514	1.6978041594474798	9	310	0.14972298852687646	7	1.6591219418286691	311,312,321,309	1.6591219418286691	311,312,321,309
13.3186	11.02381	307	1.0261985699620524	1.0261985699620524	7	337	0.050336576317818925	7	1.0939627448919023	311,312,321	1.0939627448919023	311,312,321
13.33699	10.70585	308	1.276434272418349	1.276434272418349	7	338	0.10089384883448473	7	1.1674509848099999	311,312,321,309	1.1674509848099999	311,312,321,309
13.33782	14.33142	309	2.7146969641689593	2.7146969641689593	7	314	0.09931598390600642	7	2.9604884500449433	311,293,272	2.9604884500449433	311,293,272
13.33869	10.33806	310	1.5869538540437014	1.5869538540437014	7	338	0.104205950118673	7	1.1674509848099999	311,312,321,309	1.1674509848099999	311,312,321,309
13.34694	11.97577	311	0.8144488423861637	0.8144488423861637	7	367	0.14723249213442147	7	1.8597049109212838	311,293,330	1.8597049109212838	311,293,330
13.3605	11.94751	312	0.8193242865387071	0.8193242865387071	7	367	0.1478423584128849	7	1.8597049109212838	311,293,330	1.8597049109212838	311,293,330
13.36475	10.36409	313	1.5771668945334107	1.5771668945334107	7	338	0.06802623274678712	7	1.1674509848099999	311,312,321,309	1.1674509848099999	311,312,321,309
13.36865	12.51622	314	1.12172718805963	1.12172718805963	7	349	0.2884074920071326	7	0.8294778067399872	311,293	0.8294778067399872	311,293
13.37551	13.06693	315	1.562566710070377	1.562566710070377	7	343	0.08346329958867765	7	3.582678017147262	311,293,330,349,370,393,344	3.582678017147262	311,293,330,349,370,393,344
13.37906	11.91917	316	0.8302071646042105	0.8302071646042105	7	367	0.14402325478220873	7	1.8597049109212838	311,293,330	1.8597049109212838	311,293,330
13.37922	12.48901	317	1.1104227174766208	1.1104227174766208	7	349	0.25942714519525556	7	0.8294778067399872	311,293	0.8294778067399872	311,293
13.38261	9.455654	318	2.412034856662764	1.5038277662804869	9	310	0.11730559851840928	7	1.6591219418286691	311,312,321,309	1.6591219418286691	311,312,321,309
13.38881	10.9706	319	1.1138327169553606	1.1138327169553606	7	337	0.03113106497070654	7	1.0939627448919023	311,312,321	1.0939627448919023	311,312,321
13.39042	8.81647	320	3.023745099846902	0.8681664271141575	9	348	0.22065040934891814	7	3.2280916494676157	311,312,321,309,305	3.2280916494676157	311,312,321,309,305
13.39306	13.03761	321	1.54675290236035	1.54675290236035	7	343	0.11760928195640773	7	3.582678017147262	311,293,330,349,370,393,344	3.582678017147262	311,293,330,349,370,393,344
13.39872	12.45665	322	1.1030259751647573	1.1030259751647573	7	349	0.22169627331897318	7	0.8294778067399872	311,293	0.8294778067399872	311,293
13.40353	13.00439	323	1.524401030908916	1.524401030908916	7	343	0.1517753235695517	7	3.582678017147262	311,293,330,349,370,393,344	3.582678017147262	311,293,330,349,370,393,344
13.40522	10.24531	324	1.7003623808730182	1.7003623808730182	7	338	0.10123021641134154	7	1.1674509848099999	311,312,321,309	1.1674509848099999	311,312,321,309
13.40536	10.94129	325	1.1459336986057087	1.1459336986057087	7	337	0.06478542848462296	7	1.0939627448919023	311,312,321	1.0939627448919023	311,312,321
13.40605	13.28477	326	1.7671518960893444	1.7671518960893444	7	334	0.08119407490736819	7	3.715966050198987	311,293,272,292,315,319	3.715966050198987	311,293,272,292,315,319
13.41328	12.42838	327	1.0956849109283946	1.0956849109283946	7	349	0.1899007391793943	7	0.8294778067399872	311,293	0.8294778067399872	311,293
13.41574	8.835455	328	3.0124730540088085	0.8835526276624162	9	348	0.18901082763093888	7	3.2280916494676157	311,312,321,309,305	3.2280916494676157	311,312,321,309,305
13.42064	11.08226	329	1.066389284419232	1.066389284419232	7	337	0.048958419354353605	7	1.0939627448919023	311,312,321	1.0939627448919023	311,312,321
13.42597	12.96798	330	1.5066414277750908	1.5066414277750908	7	343	0.19448865574351104	7	3.582678017147262	311,293,330,349,370,393,344	3.582678017147262	311,293,330,349,370,393,344
13.43057	10.2633	331	1.697397386697694	1.697397386697694	7	338	0.07015231232792488	7	1.1674509848099999	311,312,321,309	1.1674509848099999	311,312,321,309
13.44909	12.60106	332	1.2385856398263964	1.2385856398263964	7	349	0.32532972357564927	7	0.8294778067399872	311,293	0.8294778067399872	311,293
13.45084	8.860812	333	2.9982484817219803	0.9053205464078231	9	348	0.14571003070937918	7	3.2280916494676157	311,312,321,309,305	3.2280916494676157	311,312,321,309,305
13.46457	12.56776	334	1.2265465204256065	1.2265465204256065	7	349	0.28866417080037104	7	0.8294778067399872	311,293	0.8294778067399872	311,293
13.48013	12.53947	335	1.2188908605433728	1.2188908605433728	7	349	0.2563797523985776	7	0.8294778067399872	311,293	0.8294778067399872	311,293
13.48189	8.887023	336	2.982532580028785	0.9296155327731779	9	348	0.10520398488185169	7	3.2280916494676157	311,312,321,309,305	3.2280916494676157	311,312,321,309,305
13.49273	12.51423	337	1.211770133975979	1.211770133975979	7	349	0.2281803253167425	7	0.8294778067399872	311,293	0.8294778067399872	311,293
13.49601	11.03899	338	1.1526361414688333	1.1526361414688333	7	337	0.026559585001322505	7	1.0939627448919023	311,312,321	1.0939627448919023	311,312,321
13.50803	13.34022	339	1.8652832869932023	1.8652832869932023	7	344	0.09711428839929608	7	3.582678017147262	311,293,330,349,370,393,344	3.582678017147262	311,293,330,349,370,393,344
13.51533	12.48783	340	1.2123051396724196	1.2123051396724196	7	349	0.1942453329473915	7	0.8294778067399872	311,293	0.8294778067399872	311,293
13.51754	11.0086	341	1.1881078209675087	1.1881078209675087	7	337	0.06367049440160824	7	1.0939627448919023	311,312,321	1.0939627448919023	311,312,321
13.52166	11.13973	342	1.1172092927648614	1.1172092927648614	7	337	0.047252983421907715	7	1.0939627448919023	311,312,321	1.0939627448919023	311,312,321
13.55442	13.17523	343	1.7502244180813404	1.7502244180813404	7	344	0.07072264053745342	7	3.582678017147262	311,293,330,349,370,393,344	3.582678017147262	311,293,330,349,370,393,344
13.56385	10.07179	344	1.9301088410999416	1.9301088410999416	7	338	0.06739328856135848	7	1.1674509848099999	311,312,321,309	1.1674509848099999	311,312,321,309
13.57891	13.14179	345	1.7367520125049996	1.7367520125049996	7	344	0.11168008809095846	7	3.582678017147262	311,293,330,349,370,393,344	3.582678017147262	311,293,330,349,370,393,344
13.58522	11.48222	346	1.0430308783483644	1.0430308783483644	7	367	0.1565799503695197	7	1.8597049109212838	311,293,330	1.8597049109212838	311,293,330
13.58721	11.60537	347	1.0231262264159602	1.0231262264159602	7	367	0.09937720158838222	7	1.8597049109212838	311,293,330	1.8597049109212838	311,293,330
13.58801	11.0956	348	1.196853667212564	1.196853667212564	7	337	0.024431435211101405	7	1.0939627448919023	311,312,321	1.0939627448919023	311,312,321
13.60765	11.07225	349	1.2258947750652007	1.2258947750652007	7	337	0.054516420841837006	7	1.0939627448919023	311,312,321	1.0939627448919023	311,312,321
13.60802	9.07513	350	2.847451658330332	1.1202292788747132	9	348	0.10688438921744628	7	3.2280916494676157	311,312,321,309,305	3.2280916494676157	311,312,321,309,305
13.60953	13.42772	351	1.9924025903256013	1.9924025903256013	7	344	0.12811639375909037	7	3.582678017147262	311,293,330,349,370,393,344	3.582678017147262	311,293,330,349,370,393,344
13.61045	11.49483	352	1.0647491418039094	1.0647491418039094	7	367	0.1283743468864962	7	1.8597049109212838	311,293,330	1.8597049109212838	311,293,330
13.61611	15.32844	353	3.749753193371555	2.079754418714057	8	358	0.02016744366073651	8	2.168009455652956	318,357,332	5.583925689138981	311,293,272,292,314,299,332
13.61841	12.54927	354	1.331226107819466	1.331226107819466	7	349	0.19985973070764368	7	0.8294778067399872	311,293	0.8294778067399872	311,293
13.62292	13.38845	355	1.966120676166183	1.966120676166183	7	344	0.08708845583693081	7	3.582678017147262	311,293,330,349,370,393,344	3.582678017147262	311,293,330,349,370,393,344
13.62379	11.20419	356	1.1752096950094308	1.1752096950094308	7	337	0.051008837800318486	7	1.0939627448919023	311,312,321	1.0939627448919023	311,312,321
13.63715	9.099265	357	2.8358056819459887	1.1468650743994093	9	348	0.14462057516246457	7	3.2280916494676157	311,312,321,309,305	3.2280916494676157	311,312,321,309,305
13.63869	11.5084	358	1.0895203053014488	1.0895203053014488	7	367	0.09704876448236488	7	1.8597049109212838	311,293,330	1.8597049109212838	311,293,330
13.68547	8.984794	359	2.960045288296136	1.0395633675943774	9	348	0.11722679328638763	7	3.2280916494676157	311,312,321,309,305	3.2280916494676157	311,312,321,309,305
13.6861	11.40649	360	1.1599490599988262	1.1599490599988262	7	367	0.1005781456889391	7	1.8597049109212838	311,293,330	1.8597049109212838	311,293,330
13.70339	11.11278	361	1.2880092773827996	1.2880092773827996	7	337	0.06814351110023849	7	1.0939627448919023	311,312,321	1.0939627448919023	311,312,321
13.70734	11.29599	362	1.2150587070525283	1.2150587070525283	7	337	0.08775080755114695	7	1.0939627448919023	311,312,321	1.0939627448919023	311,312,321
13.71177	13.9442	363	2.493142174310997	2.493142174310997	7	378	0.08758805358755534	7	2.834859045469697	311,293,330,349,370,393	2.834859045469697	311,293,330,349,370,393
13.7367	11.13027	364	1.3093157976104022	1.3093157976104022	7	337	0.06996411394112417	7	1.0939627448919023	311,312,321	1.0939627448919023	311,312,321
13.74064	11.31248	365	1.2406387265937504	1.2406387265937504	7	337	0.08507343665061567	7	1.0939627448919023	311,312,321	1.0939627448919023	311,312,321
13.7408	10.07836	366	2.0214265421360627	2.0214265421360627	7	338	0.08272010553139454	7	1.1674509848099999	311,312,321,309	1.1674509848099999	311,312,321,309
13.75736	13.79555	367	2.3842803470230107	2.3842803470230107	7	378	0.11714613900484154	7	2.834859045469697	311,293,330,349,370,393	2.834859045469697	311,293,330,349,370,393
13.75891	11.14193	368	1.3239266634297238	1.3239266634297238	7	337	0.07117953977000797	7	1.0939627448919023	311,312,321	1.0939627448919023	311,312,321
13.76823	10.09442	369	2.024443458557478	2.024443458557478	7	338	0.11443553483679249	7	1.1674509848099999	311,312,321,309	1.1674509848099999	311,312,321,309
13.77803	8.864945	370	3.1061850242477753	0.942297295539556	9	348	0.12266234315189958	7	3.2280916494676157	311,312,321,309,305	3.2280916494676157	311,312,321,309,305
13.77892	12.69592	371	1.5481210166353794	1.5481210166353794	7	349	0.25356603025948166	7	0.8294778067399872	311,293	0.8294778067399872	311,293
13.78123	11.1606	372	1.3359595614000306	1.3359595614000306	7	337	0.0664092580022565	7	1.0939627448919023	311,312,321	1.0939627448919023	311,312,321
13.78464	13.81561	373	2.4152910720292415	2.4152910720292415	7	378	0.0836409353491601	7	2.834859045469697	311,293,330,349,370,393	2.834859045469697	311,293,330,349,370,393
13.78938	12.6617	374	1.5352263727920263	1.5352263727920263	7	349	0.21845468084741726	7	0.8294778067399872	311,293	0.8294778067399872	311,293
13.7965	14.16886	375	2.731816072837293	2.731816072837293	7	378	0.09272125408377835	7	2.834859045469697	311,293,330,349,370,393	2.834859045469697	311,293,330,349,370,393
13.80602	12.6384	376	1.5345117843236542	1.5345117843236542	7	349	0.19006251255689885	7	0.8294778067399872	311,293	0.8294778067399872	311,293
13.80617	8.889046	377	3.0951097821118	0.9733659155138736	9	348	0.15957397823150785	7	3.2280916494676157	311,312,321,309,305	3.2280916494676157	311,312,321,309,305
13.83545	8.909176	378	3.0885295406403603	1.0014241003531728	9	348	0.19509944096981569	7	3.2280916494676157	311,312,321,309,305	3.2280916494676157	311,312,321,309,305
13.83759	11.05554	379	1.4333269978564422	1.4333269978564422	7	388	0.12324974423363595	7	2.7098998584768683	311,293,330,337,368	2.7098998584768683	311,293,330,337,368
13.87589	12.75045	380	1.657981158796494	1.657981158796494	7	370	0.2569041754987214	7	1.412601367948518	311,293,330	1.412601367948518	311,293,330
13.8822	14.63515	381	3.189772755961177	2.80504254285468	8	351	0.07661465269659377	8	3.41459293123002	318,357,332,299	3.871045080190072	311,293,272,292
13.89099	10.95253	382	1.5301932956996522	1.5301932956996522	7	388	0.12192532089819404	7	2.7098998584768683	311,293,330,337,368	2.7098998584768683	311,293,330,337,368
13.89643	12.72108	383	1.6564023222201079	1.6564023222201079	7	370	0.2213640716335732	7	1.412601367948518	311,293,330	1.412601367948518	311,293,330
13.89933	13.98826	384	2.622219169210722	2.622219169210722	7	378	0.09869455258485096	7	2.834859045469697	311,293,330,349,370,393	2.834859045469697	311,293,330,349,370,393
13.90569	14.60172	385	3.169144256556361	2.842200603566301	8	371	0.09376657519171616	8	2.9286495328056565	318,357,372	4.357099925627435	311,293,272,292,314
13.91299	12.69277	386	1.6529838142595845	1.6529838142595845	7	370	0.18860476117127048	7	1.412601367948518	311,293,330	1.412601367948518	311,293,330
13.91508	13.56587	387	2.2773673843664675	2.2773673843664675	7	378	0.08576070165251459	7	2.834859045469697	311,293,330,349,370,393	2.834859045469697	311,293,330,349,370,393
13.95376	12.86237	388	1.7887732964018015	1.7887732964018015	7	370	0.3201107063502411	7	1.412601367948518	311,293,330	1.412601367948518	311,293,330
13.95731	13.88316	389	2.563035581368344	2.563035581368344	7	378	0.10052695858946874	7	2.834859045469697	311,293,330,349,370,393	2.834859045469697	311,293,330,349,370,393
13.96921	13.32231	390	2.1209567087472965	2.1209567087472965	7	344	0.1309336006726213	7	3.582678017147262	311,293,330,349,370,393,344	3.582678017147262	311,293,330,349,370,393,344
13.97831	12.83293	391	1.789473276039674	1.789473276039674	7	370	0.28265365097866435	7	1.412601367948518	311,293,330	1.412601367948518	311,293,330
13.9858	12.80076	392	1.7757356597343432	1.7757356597343432	7	370	0.25066759914660247	7	1.412601367948518	311,293,330	1.412601367948518	311,293,330
14.0004	12.77549	393	1.7723236970802385	1.7723236970802385	7	370	0.22151013607260495	7	1.412601367948518	311,293,330	1.412601367948518	311,293,330
14.00061	13.33951	394	2.154622236379307	2.154622236379307	7	394	0.1120852761973625	7	2.1041934539817166	311,293,330,349,370	2.1041934539817166	311,293,330,349,370
14.018	12.74917	395	1.7712290780450066	1.7712290780450066	7	370	0.19003406034675738	7	1.412601367948518	311,293,330	1.412601367948518	311,293,330
14.02418	10.70804	396	1.7746304042127075	1.7746304042127075	7	388	0.11302445777172164	7	2.7098998584768683	311,293,330,337,368	2.7098998584768683	311,293,330,337,368
14.02949	13.07497	397	1.9856256201520375	1.9856256201520375	7	394	0.20232838170575354	7	2.1041934539817166	311,293,330,349,370	2.1041934539817166	311,293,330,349,370
14.03004	13.35564	398	2.186244050933967	2.186244050933967	7	394	0.07856136629198839	7	2.1041934539817166	311,293,330,349,370	2.1041934539817166	311,293,330,349,370
14.06296	13.09025	399	2.020608532022015	2.020608532022015	7	394	0.16554832554179347	7	2.1041934539817166	311,293,330,349,370	2.1041934539817166	311,293,330,349,370
14.07245	15.51041	400	4.070156911787575	2.007970572271577	8	403	0.10170063648535548	8	2.3560992471480726	318,357	4.929650211285019	311,293,272,292,314,351
14.08854	13.10222	401	2.0475836658471778	2.0475836658471778	7	394	0.13731030792010412	7	2.1041934539817166	311,293,330,349,370	2.1041934539817166	311,293,330,349,370
14.08877	9.337553	402	2.8306896206961936	1.4914147162198583	9	364	0.07307879382362088	7	2.2877053078992007	311,312,321,309,336	2.2877053078992007	311,312,321,309,336
14.1069	13.60306	403	2.424221032029085	2.424221032029085	7	378	0.10105668554870328	7	2.834859045469697	311,293,330,349,370,393	2.834859045469697	311,293,330,349,370,393
14.11088	10.56043	404	1.9316845730129335	1.9316845730129335	7	388	0.10203634185137542	7	2.7098998584768683	311,293,330,337,368	2.7098998584768683	311,293,330,337,368
14.1129	13.12017	405	2.077690016540524	2.077690016540524	7	394	0.10754184740767614	7	2.1041934539817166	311,293,330,349,370	2.1041934539817166	311,293,330,349,370
14.14244	13.1333	406	2.108434300651592	2.108434300651592	7	394	0.07523674339979323	7	2.1041934539817166	311,293,330,349,370	2.1041934539817166	311,293,330,349,370
14.14413	10.57392	407	1.9502800551757082	1.9502800551757082	7	388	0.06627286367845393	7	2.7098998584768683	311,293,330,337,368	2.7098998584768683	311,293,330,337,368
14.14686	12.42262	408	1.722164978421105	1.722164978421105	7	370	0.1590864675935996	7	1.412601367948518	311,293,330	1.412601367948518	311,293,330
14.15951	9.238947	409	2.9518596495682443	1.4308365101398408	9	364	0.07553412694003003	7	2.2877053078992007	311,312,321,309,336	2.2877053078992007	311,312,321,309,336
14.18834	13.43268	410	2.3501893485598484	2.3501893485598484	7	394	0.0974896268662347	7	2.1041934539817166	311,293,330,349,370	2.1041934539817166	311,293,330,349,370
14.20514	9.438095	411	2.8123127050612915	1.6301411329603221	9	364	0.08033216696062195	7	2.2877053078992007	311,312,321,309,336	2.2877053078992007	311,312,321,309,336
14.21522	12.068	412	1.6788216413866497	1.6788216413866497	7	369	0.06845541629429111	7	1.412601367948518	311,293,330	1.412601367948518	311,293,330
14.21592	13.44473	413	2.3779384480781176	2.3779384480781176	7	394	0.12755955067263292	7	2.1041934539817166	311,293,330,349,370	2.1041934539817166	311,293,330,349,370
14.2318	12.04069	414	1.6897801964611143	1.6897801964611143	7	385	0.04261586755774968	7	1.9935321972217894	311,293,330,349	1.9935321972217894	311,293,330,349
14.26207	12.49088	415	1.8551966528560155	1.8551966528560155	7	370	0.15186044904170942	7	1.412601367948518	311,293,330	1.412601367948518	311,293,330
14.26445	15.6235	416	4.248287016136288	1.980414679521601	8	403	0.12074226422957948	8	2.3560992471480726	318,357	4.929650211285019	311,293,272,292,314,351
14.27252	10.4667	417	2.117246165996803	2.117246165996803	7	427	0.06534733169885333	7	3.2808583109924343	311,293,330,349,369,386,400	3.2808583109924343	311,293,330,349,369,386,400
14.299	10.43223	418	2.159076412569078	2.159076412569078	7	427	0.1083006896384837	7	3.2808583109924343	311,293,330,349,369,386,400	3.2808583109924343	311,293,330,349,369,386,400
14.3156	10.40692	419	2.1875636300442007	2.1875636300442007	7	427	0.13849276857801374	7	3.2808583109924343	311,293,330,349,369,386,400	3.2808583109924343	311,293,330,349,369,386,400
14.33308	10.37359	420	2.221674500050843	2.221674500050843	7	427	0.1761150712307163	7	3.2808583109924343	311,293,330,349,369,386,400	3.2808583109924343	311,293,330,349,369,386,400
14.35376	10.35223	421	2.2510911108882636	2.2510911108882636	7	427	0.20484944942959538	7	3.2808583109924343	311,293,330,349,369,386,400	3.2808583109924343	311,293,330,349,369,386,400
14.35785	12.03667	422	1.813101817133324	1.813101817133324	7	385	0.02112441133115877	7	1.9935321972217894	311,293,330,349	1.9935321972217894	311,293,330,349
14.36735	10.32597	423	2.27792514295184	2.27792514295184	7	427	0.23440241769640283	7	3.2808583109924343	311,293,330,349,369,386,400	3.2808583109924343	311,293,330,349,369,386,400
14.36912	12.55025	424	1.9772210655888145	1.9772210655888145	7	398	0.13878334707572876	7	1.9833302363267173	311,293,330,349	1.9833302363267173	311,293,330,349
14.3738	13.07674	425	2.251695046060225	2.251695046060225	7	394	0.10777186055497312	7	2.1041934539817166	311,293,330,349,370	2.1041934539817166	311,293,330,349,370
14.37433	12.00336	426	1.8240019680296855	1.8240019680296855	7	385	0.05826058140498255	7	1.9935321972217894	311,293,330,349	1.9935321972217894	311,293,330,349
14.38883	10.29258	427	2.3154367024335096	2.2954087703380086	12	405	0.25511243196305067	9	4.2195744483200475	288,317,359,381,390,417,421,430,416	5.012286080488881	311,312,321,309,336,338,364,390,417,421,430,416
14.40612	13.09598	428	2.289101688765304	2.289101688765304	7	394	0.14525804354084781	7	2.1041934539817166	311,293,330,349,370	2.1041934539817166	311,293,330,349,370
14.43222	11.61986	429	1.863951947982608	1.863951947982608	7	386	0.05223158081969314	7	1.9935321972217894	311,293,330,349	1.9935321972217894	311,293,330,349
14.44191	12.15951	430	1.919863712491114	1.919863712491114	7	385	0.04664455552753144	7	1.9935321972217894	311,293,330,349	1.9935321972217894	311,293,330,349
14.47304	8.777501	431	3.509549195168113	1.2556581774771192	9	390	0.1191544618640851	7	3.1221051310058994	311,312,321,309,336,338	3.1221051310058994	311,312,321,309,336,338
14.4973	8.744322	432	3.5505814475175965	1.253065710749504	9	390	0.12130562795789593	7	3.1221051310058994	311,312,321,309,336,338	3.1221051310058994	311,312,321,309,336,338
14.50837	11.50046	433	1.9502324768622228	1.9502324768622228	7	400	0.05970749293308567	7	2.482849997429425	311,293,330,349,369	2.482849997429425	311,293,330,349,369
14.51838	8.716039	434	3.5857772291620624	1.252235781495307	9	390	0.1228293578105152	7	3.1221051310058994	311,312,321,309,336,338	3.1221051310058994	311,312,321,309,336,338
14.51969	9.029811	435	3.327421963389248	1.46448178828047	9	390	0.07638801677290101	7	3.1221051310058994	311,312,321,309,336,338	3.1221051310058994	311,312,321,309,336,338
14.53736	10.6277	436	2.2525522976615124	2.2525522976615124	7	427	0.05394987677409734	7	3.2808583109924343	311,293,330,349,369,386,400	3.2808583109924343	311,293,330,349,369,386,400
14.54157	8.684826	437	3.624580808121701	1.252412836074495	9	395	0.08448268644337299	9	2.5818556110475477	288,317,359	4.124177135136522	311,312,321,309,336,338,364,390
14.54691	12.2733	438	2.0496481063441516	2.0496481063441516	7	385	0.09646055824956376	7	1.9935321972217894	311,293,330,349	1.9935321972217894	311,293,330,349
14.55994	10.6003	439	2.285670143341807	2.285670143341807	7	427	0.08888366722866818	7	3.2808583109924343	311,293,330,349,369,386,400	3.2808583109924343	311,293,330,349,369,386,400
14.56957	10.57711	440	2.3055330850517337	2.2880110083285543	12	427	0.1138248854230465	7	3.2808583109924343	311,293,330,349,369,386,400	3.2808583109924343	311,293,330,349,369,386,400
14.57164	11.38928	441	2.0286180839981105	2.0286180839981105	7	400	0.05617215352107596	7	2.482849997429425	311,293,330,349,369	2.482849997429425	311,293,330,349,369
14.57227	12.29128	442	2.0789089736994653	2.0789089736994653	7	398	0.09449267947365281	7	1.9833302363267173	311,293,330,349	1.9833302363267173	311,293,330,349
14.57784	16.18932	443	4.892519414175498	1.6484964716287744	10	376	0.08902324123954664	8	1.43793592337117	318	5.847702088048922	311,293,272,292,314,299,332
14.5969	11.4039	444	2.051174640281066	2.051174640281066	7	400	0.08535193431607027	7	2.482849997429425	311,293,330,349,369	2.482849997429425	311,293,330,349,369
14.62721	11.42144	445	2.0784589724312967	2.0784589724312967	7	400	0.12036388731478745	7	2.482849997429425	311,293,330,349,369	2.482849997429425	311,293,330,349,369
14.63834	12.92149	446	2.3872176767911557	2.3872176767911557	7	393	0.07582813566032201	7	2.1041934539817166	311,293,330,349,370	2.1041934539817166	311,293,330,349,370
14.65398	10.18044	447	2.594162952359809	2.00833341856442	12	441	0.14222198139762302	7	4.023685538512848	311,293,330,349,369,386,400,418,426,437	4.023685538512848	311,293,330,349,369,386,400,418,426,437
14.65652	11.439	448	2.1049788223704686	2.1049788223704686	7	400	0.1545310877493543	7	2.482849997429425	311,293,330,349,369	2.482849997429425	311,293,330,349,369
14.67613	10.15019	449	2.6300046306263725	1.9747788944367037	12	441	0.1048463657488121	7	4.023685538512848	311,293,330,349,369,386,400,418,426,437	4.023685538512848	311,293,330,349,369,386,400,418,426,437
14.68581	11.45555	450	2.1318250206009317	2.1318250206009317	7	400	0.18815757322498808	7	2.482849997429425	311,293,330,349,369	2.482849997429425	311,293,330,349,369
14.69502	10.12684	451	2.6591332428872683	1.947374729369428	12	441	0.07505456229942074	7	4.023685538512848	311,293,330,349,369,386,400,418,426,437	4.023685538512848	311,293,330,349,369,386,400,418,426,437
14.70788	9.969954	452	2.7663202074727646	1.8702507391122327	12	441	0.06519829787317538	7	4.023685538512848	311,293,330,349,369,386,400,418,426,437	4.023685538512848	311,293,330,349,369,386,400,418,426,437
14.71134	11.91757	453	2.148433911570045	2.148433911570045	7	419	0.16244768226930456	7	2.554793523861665	311,293,330,349,370	2.554793523861665	311,293,330,349,370
14.73854	11.93963	454	2.1775697779277166	2.1775697779277166	7	419	0.1278456933614393	7	2.554793523861665	311,293,330,349,370	2.554793523861665	311,293,330,349,370
14.75734	9.368398	455	3.215947085567199	1.6815750628232609	12	439	0.054597754028638174	9	3.3743224837237786	288,317,359,381,390,417,421	4.167034115892612	311,312,321,309,336,338,364,390,417,421
14.75957	10.75233	456	2.395532880231069	2.248844300526084	12	427	0.053559046892355675	7	3.2808583109924343	311,293,330,349,369,386,400	3.2808583109924343	311,293,330,349,369,386,400
14.7689	11.9578	457	2.2096094692348163	2.2096094692348163	7	419	0.09246667593650613	7	2.554793523861665	311,293,330,349,370	2.554793523861665	311,293,330,349,370
14.77023	9.210511	458	3.341946073514227	1.66518087725942	12	439	0.034210159710937736	9	3.3743224837237786	288,317,359,381,390,417,421	4.167034115892612	311,312,321,309,336,338,364,390,417,421
14.77868	12.31298	459	2.2837330632883	2.2837330632883	7	398	0.09455085701668328	7	1.9833302363267173	311,293,330,349	1.9833302363267173	311,293,330,349
14.77894	13.19966	460	2.6536084908222928	2.6536084908222928	7	425	0.09557840444444993	7	2.6173377234078203	311,293,330,349,370,393	2.6173377234078203	311,293,330,349,370,393
14.78633	14.09387	461	3.2415062490879407	3.2415062490879407	7	409	0.11044216413824635	8	2.5848497757388493	318,357,372	4.763336325715617	311,293,330,349,370,393,393,425,409
14.81631	10.04214	462	2.8069785177945628	1.8010885360027842	12	441	0.06073132406853423	7	4.023685538512848	311,293,330,349,369,386,400,418,426,437	4.023685538512848	311,293,330,349,369,386,400,418,426,437
14.84585	14.86907	463	3.87876812785866	2.920963648738656	8	410	0.06905509127562588	8	2.5848497757388493	318,357,372	4.763336325715617	311,293,330,349,370,393,393,425,409
14.84649	10.01118	464	2.849708760049728	1.7604471856606925	12	441	0.10292920266453184	7	4.023685538512848	311,293,330,349,369,386,400,418,426,437	4.023685538512848	311,293,330,349,369,386,400,418,426,437
14.90404	12.763	465	2.55232083356387	2.55232083356387	7	424	0.058217980369278534	7	2.6173377234078203	311,293,330,349,370,393	2.6173377234078203	311,293,330,349,370,393
14.9461	10.10509	466	2.8758538721207927	1.7158202680859826	12	441	0.07534373125439439	7	4.023685538512848	311,293,330,349,369,386,400,418,426,437	4.023685538512848	311,293,330,349,369,386,400,418,426,437
14.95599	9.839847	467	3.041126477299679	1.5914015906499694	12	453	0.019393950247087233	12	3.9517610755718633	551,551,585,583,546,528,491,505,494,454	4.286047885619632	311,293,330,349,369,386,400,418,426,437,440
14.95969	11.96889	468	2.4005313282613425	2.4005313282613425	7	419	0.07805332393300705	7	2.554793523861665	311,293,330,349,370	2.554793523861665	311,293,330,349,370
14.99393	10.24519	469	2.8399140943620402	1.7500104848236333	12	441	0.01874549034643609	7	4.023685538512848	311,293,330,349,369,386,400,418,426,437	4.023685538512848	311,293,330,349,369,386,400,418,426,437
14.99982	11.99344	470	2.443014454985513	2.443014454985513	7	419	0.12508524870085624	7	2.554793523861665	311,293,330,349,370	2.554793523861665	311,293,330,349,370
15.01308	10.21483	471	2.872136972251875	1.7170724291056125	12	441	0.01714784525477578	7	4.023685538512848	311,293,330,349,369,386,400,418,426,437	4.023685538512848	311,293,330,349,369,386,400,418,426,437
15.01817	12.51581	472	2.5707652913380024	2.5707652913380024	7	424	0.05845377533956652	7	2.6173377234078203	311,293,330,349,370,393	2.6173377234078203	311,293,330,349,370,393
15.02184	14.11212	473	3.4194795939271474	3.4194795939271474	7	409	0.10764328350324802	8	2.5848497757388493	318,357,372	4.763336325715617	311,293,330,349,370,393,393,425,409
15.025	11.85505	474	2.4569705954512697	2.4569705954512697	7	419	0.07730603187031453	7	2.554793523861665	311,293,330,349,370	2.554793523861665	311,293,330,349,370
15.02863	10.36174	475	2.8111522377160867	1.7913135951453756	12	437	0.09198195494395432	7	3.5766472912326894	311,293,330,349,369,386,400,418	3.5766472912326894	311,293,330,349,369,386,400,418
15.03486	10.19459	476	2.9013161973835535	1.6876959342579014	12	441	0.04581138362468809	7	4.023685538512848	311,293,330,349,369,386,400,418,426,437	4.023685538512848	311,293,330,349,369,386,400,418,426,437
15.04986	13.61393	477	3.1149362000529273	3.1149362000529273	7	409	0.09376973125570368	8	2.5848497757388493	318,357,372	4.763336325715617	311,293,330,349,370,393,393,425,409
15.05064	10.17412	478	2.925541933441419	1.6631946062149952	12	440	0.06865133278133528	7	4.023685538512848	311,293,330,349,369,386,400,418,426,437	4.023685538512848	311,293,330,349,369,386,400,418,426,437
15.06661	10.14866	479	2.952620595132427	1.6358358206484684	12	440	0.07141952663616617	7	4.023685538512848	311,293,330,349,369,386,400,418,426,437	4.023685538512848	311,293,330,349,369,386,400,418,426,437
15.08261	10.12219	480	2.9803253802060214	1.6080013032459421	12	440	0.0747770965036197	7	4.023685538512848	311,293,330,349,369,386,400,418,426,437	4.023685538512848	311,293,330,349,369,386,400,418,426,437
15.09569	10.09361	481	3.0067860319557425	1.581628204877699	12	440	0.08173594852691365	7	4.023685538512848	311,293,330,349,369,386,400,418,426,437	4.023685538512848	311,293,330,349,369,386,400,418,426,437
15.11869	10.0674	482	3.040350081761008	1.5482409721347152	12	453	0.06923291746236777	12	3.9517610755718633	551,551,585,583,546,528,491,505,494,454	4.286047885619632	311,293,330,349,369,386,400,418,426,437,440
15.12332	11.68831	483	2.55225625335078	2.55225625335078	7	419	0.07851227543402264	7	2.554793523861665	311,293,330,349,370	2.554793523861665	311,293,330,349,370
15.13931	13.20189	484	2.961278159048921	2.961278159048921	7	425	0.08170748024131312	7	2.6173377234078203	311,293,330,349,370,393	2.6173377234078203	311,293,330,349,370,393
15.13973	10.04012	485	3.072891832475748	1.5160376345317588	12	453	0.03479655357747028	12	3.9517610755718633	551,551,585,583,546,528,491,505,494,454	4.286047885619632	311,293,330,349,369,386,400,418,426,437,440
15.15475	11.70451	486	2.583489778267405	2.583489778267405	7	419	0.1138263249563824	7	2.554793523861665	311,293,330,349,370	2.554793523861665	311,293,330,349,370
15.18307	11.5893	487	2.6153468891082436	2.6153468891082436	7	419	0.08041098826699361	7	2.554793523861665	311,293,330,349,370	2.554793523861665	311,293,330,349,370
15.19022	9.974836	488	3.151048118046464	1.4392740156201842	12	453	0.04769503206232675	12	3.9517610755718633	551,551,585,583,546,528,491,505,494,454	4.286047885619632	311,293,330,349,369,386,400,418,426,437,440
15.21281	16.9593	489	5.861095849119016	0.913470731699992	10	462	0.08061955553740704	10	1.0633560005242362	423	7.172106970266891	311,293,330,349,370,393,393,425,409,402,410,482,472,461
15.22057	9.993003	490	3.1663308303708826	1.4224866105788307	12	454	0.04097700300656791	12	3.9517610755718633	551,551,585,583,546,528,491,505,494,454	4.286047885619632	311,293,330,349,369,386,400,418,426,437,440
15.24637	8.629816	491	4.092588721264838	1.3415869972064614	12	471	0.15711484939495327	12	3.251119012155729	551,551,484,452,411,420	4.746076008222082	311,312,321,309,336,338,364,390,417,420
15.24806	16.97276	492	5.889052511182099	0.9145648688444775	10	462	0.11833190261517974	10	1.0633560005242362	423	7.172106970266891	311,293,330,349,370,393,393,425,409,402,410,482,472,461
15.2704	9.139883	493	3.7388331202664244	1.1698879816452727	12	438	0.06363486735490782	9	3.3743224837237786	288,317,359,381,390,417,421	4.167034115892612	311,312,321,309,336,338,364,390,417,421
15.27804	13.55018	494	3.2633547536000695	3.2633547536000695	7	449	0.08052618910722495	7	3.4392888223596003	311,293,330,349,370,393,393,425	3.4392888223596003	311,293,330,349,370,393,393,425
15.28043	11.42152	495	2.726258306664313	2.4574446515550754	12	419	0.08026461157976292	7	2.554793523861665	311,293,330,349,370	2.554793523861665	311,293,330,349,370
15.28385	12.10795	496	2.739086997247835	2.739086997247835	7	424	0.011370676983181255	7	2.6173377234078203	311,293,330,349,370,393	2.6173377234078203	311,293,330,349,370,393
15.28504	9.337882	497	3.61562698024674	1.1530438440910433	12	457	0.0773855090616262	9	3.728515162257935	288,317,359,381,390,417,421,430	4.521226794426768	311,312,321,309,336,338,364,390,417,421,430
15.29153	10.04976	498	3.1957833645502576	1.394090364828855	12	454	0.04964344269007693	12	3.9517610755718633	551,551,585,583,546,528,491,505,494,454	4.286047885619632	311,293,330,349,369,386,400,418,426,437,440
15.31356	11.4458	499	2.75659792328518	2.4636502110889547	12	456	0.08878655077143428	7	3.6399104847964066	311,293,330,349,370,385	3.6399104847964066	311,293,330,349,370,385
15.31608	9.794086	500	3.357127317399827	1.2431629506768018	12	454	0.07470014184681903	12	3.9517610755718633	551,551,585,583,546,528,491,505,494,454	4.286047885619632	311,293,330,349,369,386,400,418,426,437,440
15.31736	13.56758	501	3.3056961694777955	3.3056961694777955	7	449	0.12345894232848034	7	3.4392888223596003	311,293,330,349,370,393,393,425	3.4392888223596003	311,293,330,349,370,393,393,425
15.32621	13.43324	502	3.2403511493787467	3.2403511493787467	7	449	0.07029973914379586	7	3.4392888223596003	311,293,330,349,370,393,393,425	3.4392888223596003	311,293,330,349,370,393,393,425
15.34814	9.820333	503	3.368462072577509	1.2263287437396422	12	454	0.03341591553329966	12	3.9517610755718633	551,551,585,583,546,528,491,505,494,454	4.286047885619632	311,293,330,349,369,386,400,418,426,437,440
15.35726	11.29407	504	2.819364582440548	2.308854374518811	12	456	0.06562819492709765	7	3.6399104847964066	311,293,330,349,370,385	3.6399104847964066	311,293,330,349,370,385
15.36158	13.45471	505	3.2817258161181244	3.2817258161181244	7	449	0.11156319083247056	7	3.4392888223596003	311,293,330,349,370,393,393,425	3.4392888223596003	311,293,330,349,370,393,393,425
15.38694	7.330029	506	5.221335266265244	1.9684203686268735	9	463	0.07273923755722747	12	2.6690362489828834	551,551,484,452,458,458	5.5174755446032595	311,312,321,309,336,338,364,390,417,420,411,452,458,458
15.40609	11.19265	507	2.8846850904534045	2.1963720775717057	12	455	0.06675492872377459	7	3.6399104847964066	311,293,330,349,370,385	3.6399104847964066	311,293,330,349,370,385
15.41332	13.8084	508	3.522535624811788	3.522535624811788	7	448	0.04344978285944215	7	3.4392888223596003	311,293,330,349,370,393,393,425	3.4392888223596003	311,293,330,349,370,393,393,425
15.43982	13.27819	509	3.260939758224332	3.260939758224332	7	460	0.0737639038182451	7	3.1566624742782867	311,293,330,349,370,393,393	3.1566624742782867	311,293,330,349,370,393,393
15.44155	11.208	510	2.916767118086763	2.19366240973233	12	455	0.1049186398596563	7	3.6399104847964066	311,293,330,349,370,385	3.6399104847964066	311,293,330,349,370,385
15.46487	11.2269	511	2.936438745795349	2.200149606536941	12	455	0.1347361222955645	7	3.6399104847964066	311,293,330,349,370,385	3.6399104847964066	311,293,330,349,370,385
15.46573	11.09663	512	2.9622560159439577	2.083615652663573	12	466	0.07320311755842275	7	3.835196600668734	311,293,330,349,370,385,419	3.835196600668734	311,293,330,349,370,385,419
15.4973	11.24314	513	2.965706031496069	2.200726864841399	12	455	0.1708188373596858	7	3.6399104847964066	311,293,330,349,370,385	3.6399104847964066	311,293,330,349,370,385
15.50104	11.11599	514	2.9927526190021387	2.084718858882092	12	475	0.09217196650143986	7	4.038961211971189	311,293,330,349,370,385,419,455	4.038961211971189	311,293,330,349,370,385,419,455
15.52151	11.26509	515	2.9861187700793415	2.210491772230934	12	456	0.16861002551618717	7	3.6399104847964066	311,293,330,349,370,385	3.6399104847964066	311,293,330,349,370,385
15.53659	12.76087	516	3.140243145854182	3.140243145854182	7	476	0.07031558095790462	7	3.4596236330643593	311,293,330,349,370,393,393,425	3.4596236330643593	311,293,330,349,370,393,393,425
15.54189	14.20994	517	3.871459379901095	3.6603517036449533	10	486	0.08713376411388608	7	4.726643106121732	311,293,330,349,370,393,393,425,409,448,490,486	4.726643106121732	311,293,330,349,370,393,393,425,409,448,490,486
15.55098	11.28022	518	3.0129556967529676	2.2123401176461663	12	456	0.16915782040538133	7	3.6399104847964066	311,293,330,349,370,385	3.6399104847964066	311,293,330,349,370,385
15.56334	14.17455	519	3.8654386010366495	3.6990669158246527	10	486	0.04582834771735837	7	4.726643106121732	311,293,330,349,370,393,393,425,409,448,490,486	4.726643106121732	311,293,330,349,370,393,393,425,409,448,490,486
15.57711	11.30424	520	3.035359163591709	2.224172840199397	12	456	0.16029084015068856	7	3.6399104847964066	311,293,330,349,370,385	3.6399104847964066	311,293,330,349,370,385
15.58141	10.92052	521	3.116261804316217	1.8740212997948156	12	474	0.08845221644359363	7	4.038961211971189	311,293,330,349,370,385,419,455	4.038961211971189	311,293,330,349,370,385,419,455
15.60473	11.31529	522	3.0612058274471132	2.223914931815659	12	456	0.163564875502621	7	3.6399104847964066	311,293,330,349,370,385	3.6399104847964066	311,293,330,349,370,385
15.62137	12.55621	523	3.160675681196692	3.160675681196692	7	476	0.07186678112233076	7	3.4596236330643593	311,293,330,349,370,393,393,425	3.4596236330643593	311,293,330,349,370,393,393,425
15.65	12.90427	524	3.2959962261070883	3.2959962261070883	7	476	0.08996087426288453	7	3.4596236330643593	311,293,330,349,370,393,393,425	3.4596236330643593	311,293,330,349,370,393,393,425
15.6604	12.3693	525	3.15507551886356	3.15507551886356	7	476	0.10865353799274996	7	3.4596236330643593	311,293,330,349,370,393,393,425	3.4596236330643593	311,293,330,349,370,393,393,425
15.66159	13.93562	526	3.798259512932755	3.798259512932755	7	490	0.0474214426743953	7	3.9142665458226067	311,293,330,349,370,393,393,425,409	3.9142665458226067	311,293,330,349,370,393,393,425,409
15.67918	12.91381	527	3.3266593045059736	3.3266593045059736	7	476	0.1205531771811544	7	3.4596236330643593	311,293,330,349,370,393,393,425	3.4596236330643593	311,293,330,349,370,393,393,425
15.69362	12.38079	528	3.189941866211383	3.189941866211383	7	476	0.07358084300975208	7	3.4596236330643593	311,293,330,349,370,393,393,425	3.4596236330643593	311,293,330,349,370,393,393,425
15.69372	13.87902	529	3.7920433660479382	3.7920433660479382	7	490	0.01752442920666524	7	3.9142665458226067	311,293,330,349,370,393,393,425,409	3.9142665458226067	311,293,330,349,370,393,393,425,409
15.70642	12.9274	530	3.356956324492198	3.356956324492198	7	476	0.15093455902935665	7	3.4596236330643593	311,293,330,349,370,393,393,425	3.4596236330643593	311,293,330,349,370,393,393,425
15.71121	11.60836	531	3.1420974444596976	2.4648601285745704	12	497	0.045633474387481034	12	3.978490285908936	551,551,585,583,546,528,545,498,530,512,497	4.077211123641045	311,293,330,349,370,385,419
15.72296	7.17813	532	5.534107877777606	2.149887195045564	11	504	0.06308878804973918	12	2.64581009943139	551,551,484,452,458	5.494249395051767	311,312,321,309,336,338,364,390,417,420,411,452,458
15.7345	6.090047	533	6.4639471615446515	1.0777360988761029	11	488	0.07276753877776428	11	2.098468030561873	535,550,556,555,539,538,488	7.557983146966789	311,312,321,309,336,338,364,390,417,420,411,452,458,487,504,515,520,524,526,488
15.73667	12.94093	534	3.3900447291957914	3.3900447291957914	7	476	0.1840652995430806	7	3.4596236330643593	311,293,330,349,370,393,393,425	3.4596236330643593	311,293,330,349,370,393,393,425
15.74902	12.65131	535	3.3093141823236074	3.3093141823236074	7	476	0.08273013974380528	7	3.4596236330643593	311,293,330,349,370,393,393,425	3.4596236330643593	311,293,330,349,370,393,393,425
15.74913	12.16057	536	3.2071888430705418	2.9881923127564347	12	483	0.08105965775604361	7	4.08512887031365	311,293,330,349,370,393,393,424,459,465	4.08512887031365	311,293,330,349,370,393,393,424,459,465
15.76205	14.02013	537	3.9291437731714742	3.8911200339974745	10	508	0.07078922101291486	7	4.502990794707765	311,293,330,349,370,393,393,425,409,448,490	4.502990794707765	311,293,330,349,370,393,393,425,409,448,490
15.76892	12.95444	538	3.4249940386149818	3.4249940386149818	7	476	0.21903058813860443	7	3.4596236330643593	311,293,330,349,370,393,393,425	3.4596236330643593	311,293,330,349,370,393,393,425
15.77505	9.566566	539	3.8641741451270235	0.7309309126185937	12	505	0.06690999720604414	12	3.128066425107258	551,551,585,583,546,528,491,505	5.109742536084236	311,293,330,349,369,386,400,418,426,437,440,440,454
15.77554	13.98787	540	3.9214202179496347	3.9214202179496347	7	490	0.04475522394208201	7	3.9142665458226067	311,293,330,349,370,393,393,425,409	3.9142665458226067	311,293,330,349,370,393,393,425,409
15.77734	12.17214	541	3.236712626428885	2.9931310795183452	12	476	0.07766126911217235	7	3.4596236330643593	311,293,330,349,370,393,393,425	3.4596236330643593	311,293,330,349,370,393,393,425
15.80461	13.92831	542	3.911384083505501	3.911384083505501	7	490	0.02152012895977892	7	3.9142665458226067	311,293,330,349,370,393,393,425,409	3.9142665458226067	311,293,330,349,370,393,393,425,409
15.81613	13.89809	543	3.9040272277631676	3.9040272277631676	7	490	0.05373909748546948	7	3.9142665458226067	311,293,330,349,370,393,393,425,409	3.9142665458226067	311,293,330,349,370,393,393,425,409
15.84175	12.38042	544	3.3349945923362703	3.1840252380797263	12	476	0.06272744583236116	7	3.4596236330643593	311,293,330,349,370,393,393,425	3.4596236330643593	311,293,330,349,370,393,393,425
15.91103	12.20705	545	3.3739714277148476	3.0009972681328207	12	476	0.059075321180547376	7	3.4596236330643593	311,293,330,349,370,393,393,425	3.4596236330643593	311,293,330,349,370,393,393,425
15.9603	9.162499	546	4.249994632113452	0.4829803070342001	12	547	0.035495739905538976	12	2.426391114059187	551,551,585,583,546	5.781954917260888	311,293,330,349,369,386,400,418,426,437,450,491
15.98592	14.18579	547	4.207616312076016	3.789161927283196	10	522	0.057599404488526615	7	4.42075503329569	311,293,330,349,370,393,393,425,409,448,490,516	4.42075503329569	311,293,330,349,370,393,393,425,409,448,490,516
16.01572	9.072348	548	4.3487582614778875	0.4560981247901036	12	547	0.06743849923595348	12	2.426391114059187	551,551,585,583,546	5.781954917260888	311,293,330,349,369,386,400,418,426,437,450,491
16.02412	14.00992	549	4.139142657883172	3.968550633249942	10	523	0.07098106440544527	7	4.368870896989012	311,293,330,349,370,393,393,425,409,448,490	4.368870896989012	311,293,330,349,370,393,393,425,409,448,490
16.04067	14.35417	550	4.351694342615088	3.6455112799892015	10	522	0.18536816901946	7	4.42075503329569	311,293,330,349,370,393,393,425,409,448,490,516	4.42075503329569	311,293,330,349,370,393,393,425,409,448,490,516
16.05814	14.31984	551	4.34506332367253	3.683621551103821	10	522	0.14685675109051377	7	4.42075503329569	311,293,330,349,370,393,393,425,409,448,490,516	4.42075503329569	311,293,330,349,370,393,393,425,409,448,490,516
16.06733	9.970328	552	3.912582631797078	0.806789817701644	12	528	0.0859706512739993	12	2.757223743636215	551,551,585,583,546,528	5.316662699831571	311,293,330,349,369,386,400,418,426,437,450
16.06981	14.11234	553	4.234169473481213	3.8843461312968124	10	522	0.04503983810640621	7	4.42075503329569	311,293,330,349,370,393,393,425,409,448,490,516	4.42075503329569	311,293,330,349,370,393,393,425,409,448,490,516
16.07268	14.29056	554	4.339379314551351	3.716016786101552	10	522	0.11416716292497245	7	4.42075503329569	311,293,330,349,370,393,393,425,409,448,490,516	4.42075503329569	311,293,330,349,370,393,393,425,409,448,490,516
16.08321	14.26035	555	4.330137889765195	3.7480081893070225	10	522	0.0823854897450112	7	4.42075503329569	311,293,330,349,370,393,393,425,409,448,490,516	4.42075503329569	311,293,330,349,370,393,393,425,409,448,490,516
16.09884	14.23706	556	4.329280053829292	3.7750905548159386	10	522	0.05461446745110961	7	4.42075503329569	311,293,330,349,370,393,393,425,409,448,490,516	4.42075503329569	311,293,330,349,370,393,393,425,409,448,490,516
16.14358	10.90531	557	3.6655439495081987	1.6786504576232213	12	498	0.08451125295115369	12	3.6849137622679495	551,551,585,583,546,528,545,498	4.411564448794058	311,293,330,349,370,385,419,455,466
16.18479	14.29076	558	4.430448390822781	3.753318856724073	10	522	0.065555110265611	7	4.42075503329569	311,293,330,349,370,393,393,425,409,448,490,516	4.42075503329569	311,293,330,349,370,393,393,425,409,448,490,516
16.23636	14.1988	559	4.4205410063588575	3.8575064324939903	10	522	0.03968296760908341	7	4.42075503329569	311,293,330,349,370,393,393,425,409,448,490,516	4.42075503329569	311,293,330,349,370,393,393,425,409,448,490,516
16.23659	9.914474	560	4.0889828409398055	0.6913922705901844	12	528	0.060346373841177144	12	2.757223743636215	551,551,585,583,546,528	5.316662699831571	311,293,330,349,369,386,400,418,426,437,450
16.25294	10.09349	561	4.027771664837042	0.8608097234108414	12	528	0.07296431000103538	12	2.757223743636215	551,551,585,583,546,528	5.316662699831571	311,293,330,349,369,386,400,418,426,437,450
16.25586	14.41581	562	4.561176191203335	3.662435812303678	10	522	0.14721002318719112	7	4.42075503329569	311,293,330,349,370,393,393,425,409,448,490,516	4.42075503329569	311,293,330,349,370,393,393,425,409,448,490,516
16.26833	14.38156	563	4.551195053013677	3.698861894524923	10	522	0.11094671364814017	7	4.42075503329569	311,293,330,349,370,393,393,425,409,448,490,516	4.42075503329569	311,293,330,349,370,393,393,425,409,448,490,516
16.284	14.36028	564	4.551589503877976	3.7244736884016927	10	522	0.08496793764623632	7	4.42075503329569	311,293,330,349,370,393,393,425,409,448,490,516	4.42075503329569	311,293,330,349,370,393,393,425,409,448,490,516
16.29265	14.33811	565	4.5458783446911735	3.7482688980478045	10	522	0.06124309122172543	7	4.42075503329569	311,293,330,349,370,393,393,425,409,448,490,516	4.42075503329569	311,293,330,349,370,393,393,425,409,448,490,516
16.41171	14.39729	566	4.677374478185403	3.740681024979343	10	522	0.0627075025349502	7	4.42075503329569	311,293,330,349,370,393,393,425,409,448,490,516	4.42075503329569	311,293,330,349,370,393,393,425,409,448,490,516
16.54684	11.39338	567	3.9894686582155474	2.1441748812236963	12	544	0.0780257624940248	12	2.868065058495447	551,551,585,583,546,528,545	5.187636351054534	311,293,330,349,370,385,419,456,497,512,530
16.54906	14.34902	568	4.764052675470767	3.8424148805713987	10	522	0.040528207445323136	7	4.42075503329569	311,293,330,349,370,393,393,425,409,448,490,516	4.42075503329569	311,293,330,349,370,393,393,425,409,448,490,516
16.56765	14.32268	569	4.765187207364699	3.874219100032484	10	522	0.07233346430444529	7	4.42075503329569	311,293,330,349,370,393,393,425,409,448,490,516	4.42075503329569	311,293,330,349,370,393,393,425,409,448,490,516
16.66206	14.40429	570	4.8888445727963346	3.8437812056958336	10	522	0.039946658415664894	7	4.42075503329569	311,293,330,349,370,393,393,425,409,448,490,516	4.42075503329569	311,293,330,349,370,393,393,425,409,448,490,516
16.73377	8.447514	571	5.2992267187170015	0.8583327441801633	12	579	0.07506431647203439	12	0.9542168898142592	551,551,484	6.870026666696244	311,312,321,309,336,338,364,390,417,420,411,452,484
16.80886	11.42717	572	4.2481065947078305	2.2069557718664528	12	544	0.04599032973582437	12	2.868065058495447	551,551,585,583,546,528,545	5.187636351054534	311,293,330,349,370,385,419,456,497,512,530
16.83013	11.39388	573	4.271792076402615	2.177913882632793	12	544	0.08544909593135482	12	2.868065058495447	551,551,585,583,546,528,545	5.187636351054534	311,293,330,349,370,385,419,456,497,512,530
16.8394	11.6017	574	4.269884258025289	2.3841369168616655	12	575	0.0804322217095335	13	3.269482282234246	649,643,618,623,609,601,591,575	5.829109434261813	311,293,330,349,370,385,419,456,497,512,530,498
17.27166	11.6338	575	4.701227691480192	2.508646829293843	13	591	0.1168039378363288	13	2.8847941508825	649,643,618,623,609,601,591	6.213797565613559	311,293,330,349,370,385,419,456,497,512,530,498,544
17.51501	11.22888	576	4.968699246434641	2.0448789362732582	13	606	0.057423779161786245	13	2.4131028812669912	649,643,618,623,606	7.227352044673629	311,293,330,349,370,385,419,456,497,512,530,498,545,528,564,581,590
17.5951	7.335869	577	6.67244273704864	2.2401206009763954	12	600	0.13814333703930845	12	2.0575414803902055	551,551,484,572,578	7.973351257272192	311,312,321,309,336,338,364,390,417,420,411,452,484,572,578
17.93893	7.189272	578	7.0287502628390595	2.552942555919002	12	612	0.03539228179232563	12	2.5039172607327886	551,551,484,572,578,587	8.419727037614775	311,312,321,309,336,338,364,390,417,420,411,452,484,572,578,587
